5.00000000000000000000 0.175173 0.451157 2073.006895 -1.507464 1031546.518946
4.99000000000000021316 0.175272 0.449572 2068.861554 -0.915948 1031546.518946
4.98000000000000042633 0.175316 0.447821 2064.716375 -0.182311 1031546.518946
4.97000000000000063949 0.175300 0.446038 2060.571228 0.579594 1031546.518946
4.96000000000000085265 0.175226 0.444360 2056.425979 1.251608 1031546.518946
4.95000000000000106581 0.175104 0.442906 2052.280508 1.729276 1031546.518946
4.94000000000000127898 0.174955 0.441765 2048.134729 1.937902 1031546.518946
4.93000000000000149214 0.174801 0.440975 2043.988605 1.844304 1031546.518946
4.92000000000000170530 0.174667 0.440520 2039.842151 1.462366 1031546.518946
4.91000000000000191847 0.174572 0.440330 2035.695436 0.851304 1031546.518946
4.90000000000000213163 0.174533 0.440295 2031.548567 0.106657 1031546.518946
4.89000000000000234479 0.174556 0.440280 2027.401680 -0.654738 1031546.518946
4.88000000000000255795 0.174636 0.440146 2023.254910 -1.313364 1031546.518946
4.87000000000000277112 0.174761 0.439773 2019.108375 -1.766110 1031546.518946
4.86000000000000298428 0.174912 0.439079 2014.962156 -1.942562 1031546.518946
4.85000000000000319744 0.175065 0.438033 2010.816284 -1.815855 1031546.518946
4.84000000000000341061 0.175196 0.436659 2006.670735 -1.406457 1031546.518946
4.83000000000000362377 0.175285 0.435031 2002.525435 -0.778565 1031546.518946
4.82000000000000383693 0.175318 0.433263 1998.380273 -0.029895 1031546.518946
4.81000000000000405009 0.175290 0.431490 1994.235117 0.723411 1031546.518946
4.80000000000000426326 0.175205 0.429847 1990.089832 1.364503 1031546.518946
4.79000000000000447642 0.175076 0.428451 1985.944306 1.793647 1031546.518946
4.78000000000000468958 0.174924 0.427378 1981.798460 1.943609 1031546.518946
4.77000000000000490274 0.174772 0.426657 1977.652267 1.790306 1031546.518946
4.76000000000000511591 0.174644 0.426261 1973.505755 1.356975 1031546.518946
4.75000000000000532907 0.174560 0.426112 1969.358999 0.710956 1031546.518946
4.74000000000000554223 0.174533 0.426092 1965.212116 -0.046648 1031546.518946
4.73000000000000575540 0.174567 0.426064 1961.065242 -0.796927 1031546.518946
4.72000000000000596856 0.174658 0.425891 1956.918510 -1.422144 1031546.518946
4.71000000000000618172 0.174790 0.425459 1952.772033 -1.824505 1031546.518946
4.70000000000000639488 0.174943 0.424696 1948.625882 -1.941570 1031546.518946
4.69000000000000660805 0.175093 0.423582 1944.480077 -1.755780 1031546.518946
4.68000000000000682121 0.175218 0.422150 1940.334584 -1.296777 1031546.518946
4.67000000000000703437 0.175296 0.420485 1936.189322 -0.636388 1031546.518946
4.66000000000000724754 0.175317 0.418705 1932.044172 0.122706 1031546.518946
4.65000000000000746070 0.175277 0.416948 1927.899000 0.862774 1031546.518946
4.64000000000000767386 0.175182 0.415345 1923.753676 1.468984 1031546.518946
4.63000000000000788702 0.175047 0.414008 1919.608091 1.846934 1031546.518946
4.62000000000000810019 0.174893 0.413004 1915.462177 1.937274 1031546.518946
4.61000000000000831335 0.174744 0.412351 1911.315917 1.725188 1031546.518946
4.60000000000000852651 0.174623 0.412012 1907.169349 1.243137 1031546.518946
4.59000000000000873968 0.174550 0.411899 1903.022558 0.566176 1031546.518946
4.58000000000000895284 0.174535 0.411889 1898.875666 -0.199662 1031546.518946
4.57000000000000916600 0.174581 0.411843 1894.728809 -0.934150 1031546.518946
4.56000000000000937916 0.174681 0.411626 1890.582120 -1.522073 1031546.518946
4.55000000000000959233 0.174819 0.411133 1886.435703 -1.871572 1031546.518946
4.54000000000000980549 0.174974 0.410300 1882.289621 -1.928553 1031546.518946
4.53000000000001001865 0.175121 0.409119 1878.143882 -1.684858 1031546.518946
4.52000000000001023182 0.175237 0.407633 1873.998443 -1.179103 1031546.518946
4.51000000000001044498 0.175305 0.405935 1869.853213 -0.490293 1031546.518946
4.50000000000001065814 0.175314 0.404148 1865.708070 0.274551 1031546.518946
4.49000000000001087130 0.175262 0.402411 1861.562878 0.996824 1031546.518946
4.48000000000001108447 0.175158 0.400853 1857.417509 1.564403 1031546.518946
4.47000000000001129763 0.175018 0.399578 1853.271863 1.888802 1031546.518946
4.46000000000001151079 0.174863 0.398644 1849.125880 1.918931 1031546.518946
4.45000000000001172396 0.174717 0.398058 1844.979555 1.649349 1031546.518946
4.44000000000001193712 0.174605 0.397772 1840.832934 1.121558 1031546.518946
4.43000000000001215028 0.174542 0.397690 1836.686113 0.417865 1031546.518946
4.42000000000001236344 0.174539 0.397684 1832.539216 -0.351430 1031546.518946
4.41000000000001257661 0.174597 0.397614 1828.392383 -1.065551 1031546.518946
4.40000000000001278977 0.174706 0.397350 1824.245741 -1.612533 1031546.518946
4.39000000000001300293 0.174849 0.396793 1820.099387 -1.907023 1031546.518946
4.38000000000001321609 0.175004 0.395890 1815.953374 -1.903597 1031546.518946
4.37000000000001342926 0.175147 0.394643 1811.807699 -1.603533 1031546.518946
4.36000000000001364242 0.175255 0.393107 1807.662310 -1.054161 1031546.518946
4.35000000000001385558 0.175312 0.391380 1803.517108 -0.341179 1031546.518946
4.34000000000001406875 0.175309 0.389593 1799.371966 0.424707 1031546.518946
4.33000000000001428191 0.175245 0.387881 1795.226748 1.124733 1031546.518946
4.32000000000001449507 0.175133 0.386373 1791.081332 1.650169 1031546.518946
4.31000000000001470823 0.174987 0.385162 1786.935622 1.918987 1031546.518946
4.30000000000001492140 0.174832 0.384298 1782.789570 1.888687 1031546.518946
4.29000000000001513456 0.174692 0.383777 1778.643181 1.563256 1031546.518946
4.28000000000001534772 0.174588 0.383540 1774.496512 0.992993 1031546.518946
4.27000000000001556089 0.174537 0.383484 1770.349665 0.266949 1031546.518946
4.26000000000001577405 0.174546 0.383477 1766.202770 -0.501008 1031546.518946
4.25000000000001598721 0.174615 0.383378 1762.055965 -1.190314 1031546.518946
4.24000000000001620037 0.174732 0.383062 1757.909373 -1.692965 1031546.518946
4.23000000000001641354 0.174880 0.382439 1753.763084 -1.930643 1031546.518946
4.22000000000001662670 0.175034 0.381467 1749.617140 -1.866864 1031546.518946
4.21000000000001683986 0.175172 0.380156 1745.471528 -1.512311 1031546.518946
4.20000000000001705303 0.175271 0.378573 1741.326184 -0.922726 1031546.518946
4.19000000000001726619 0.175316 0.376824 1737.181005 -0.189966 1031546.518946
4.18000000000001747935 0.175301 0.375040 1733.035858 0.572248 1031546.518946
4.17000000000001769251 0.175227 0.373360 1728.890611 1.245712 1031546.518946
4.16000000000001790568 0.175106 0.371904 1724.745142 1.725747 1031546.518946
4.15000000000001811884 0.174957 0.370760 1720.599367 1.937296 1031546.518946
4.14000000000001833200 0.174803 0.369966 1716.453246 1.846724 1031546.518946
4.13000000000001854517 0.174668 0.369507 1712.306795 1.467439 1031546.518946
4.12000000000001875833 0.174573 0.369316 1708.160082 0.858240 1031546.518946
4.11000000000001897149 0.174534 0.369280 1704.013215 0.114369 1031546.518946
4.10000000000001918465 0.174555 0.369266 1699.866327 -0.647461 1031546.518946
4.09000000000001939782 0.174635 0.369133 1695.719555 -1.307663 1031546.518946
4.08000000000001961098 0.174760 0.368762 1691.573017 -1.762875 1031546.518946
4.07000000000001982414 0.174911 0.368072 1687.426795 -1.942294 1031546.518946
4.06000000000002003731 0.175064 0.367029 1683.280919 -1.818587 1031546.518946
4.05000000000002025047 0.175195 0.365658 1679.135367 -1.411758 1031546.518946
4.04000000000002046363 0.175284 0.364033 1674.990065 -0.785607 1031546.518946
4.03000000000002067679 0.175318 0.362266 1670.844903 -0.037584 1031546.518946
4.02000000000002088996 0.175290 0.360492 1666.699747 0.716267 1031546.518946
4.01000000000002110312 0.175206 0.358847 1662.554465 1.359012 1031546.518946
4.00000000000002131628 0.175078 0.357448 1658.408941 1.790667 1031546.518946
3.99000000000002152944 0.174926 0.356371 1654.263098 1.943609 1031546.518946
3.98000000000002174261 0.174774 0.355647 1650.116909 1.793295 1031546.518946
3.97000000000002195577 0.174645 0.355248 1645.970400 1.362491 1031546.518946
3.96000000000002216893 0.174561 0.355097 1641.823646 0.718138 1031546.518946
3.95000000000002238210 0.174533 0.355077 1637.676764 -0.038926 1031546.518946
3.94000000000002259526 0.174567 0.355050 1633.529888 -0.789877 1031546.518946
3.93000000000002280842 0.174656 0.354879 1629.383154 -1.416871 1031546.518946
3.92000000000002302158 0.174788 0.354450 1625.236674 -1.821833 1031546.518946
3.91000000000002323475 0.174941 0.353690 1621.090520 -1.941908 1031546.518946
3.90000000000002344791 0.175092 0.352579 1616.944712 -1.759069 1031546.518946
3.89000000000002366107 0.175217 0.351151 1612.799216 -1.302499 1031546.518946
3.88000000000002387424 0.175296 0.349487 1608.653952 -0.643650 1031546.518946
3.87000000000002408740 0.175317 0.347708 1604.508802 0.115030 1031546.518946
3.86000000000002430056 0.175278 0.345949 1600.363631 0.855875 1031546.518946
3.85000000000002451372 0.175183 0.344345 1596.218309 1.463933 1031546.518946
3.84000000000002472689 0.175049 0.343004 1592.072726 1.844521 1031546.518946
3.83000000000002494005 0.174895 0.341997 1587.926816 1.937881 1031546.518946
3.82000000000002515321 0.174746 0.341341 1583.780560 1.728728 1031546.518946
3.81000000000002536638 0.174624 0.340999 1579.633994 1.249062 1031546.518946
3.80000000000002557954 0.174550 0.340884 1575.487205 0.573560 1031546.518946
3.79000000000002579270 0.174535 0.340874 1571.340313 -0.191977 1031546.518946
3.78000000000002600586 0.174580 0.340828 1567.193455 -0.927371 1031546.518946
3.77000000000002621903 0.174680 0.340614 1563.046764 -1.517261 1031546.518946
3.76000000000002643219 0.174818 0.340124 1558.900344 -1.869477 1031546.518946
3.75000000000002664535 0.174972 0.339295 1554.754258 -1.929495 1031546.518946
3.74000000000002685852 0.175119 0.338117 1550.608516 -1.688684 1031546.518946
3.73000000000002707168 0.175236 0.336633 1546.463074 -1.185210 1031546.518946
3.72000000000002728484 0.175305 0.334937 1542.317843 -0.497731 1031546.518946
3.71000000000002749800 0.175314 0.333150 1538.172699 0.266936 1031546.518946
3.70000000000002771117 0.175263 0.331412 1534.027509 0.990213 1031546.518946
3.69000000000002792433 0.175159 0.329852 1529.882143 1.559824 1031546.518946
3.68000000000002813749 0.175019 0.328574 1525.736499 1.886971 1031546.518946
3.67000000000002835066 0.174864 0.327636 1521.590520 1.920141 1031546.518946
3.66000000000002856382 0.174719 0.327047 1517.444198 1.653419 1031546.518946
3.65000000000002877698 0.174606 0.326758 1513.297580 1.127856 1031546.518946
3.64000000000002899014 0.174542 0.326675 1509.150760 0.425406 1031546.518946
3.63000000000002920331 0.174539 0.326669 1505.003864 -0.343831 1031546.518946
3.62000000000002941647 0.174596 0.326600 1500.857029 -1.059085 1031546.518946
3.61000000000002962963 0.174705 0.326339 1496.710384 -1.608212 1031546.518946
3.60000000000002984279 0.174848 0.325785 1492.564027 -1.905519 1031546.518946
3.59000000000003005596 0.175003 0.324886 1488.418010 -1.905138 1031546.518946
3.58000000000003026912 0.175146 0.323642 1484.272333 -1.607871 1031546.518946
3.57000000000003048228 0.175254 0.322108 1480.126941 -1.060616 1031546.518946
3.56000000000003069545 0.175312 0.320383 1475.981737 -0.348748 1031546.518946
3.55000000000003090861 0.175309 0.318595 1471.836595 0.417199 1031546.518946
3.54000000000003112177 0.175246 0.316882 1467.691380 1.118450 1031546.518946
3.53000000000003133493 0.175134 0.315371 1463.545965 1.646089 1031546.518946
3.52000000000003154810 0.174989 0.314157 1459.400259 1.917750 1031546.518946
3.51000000000003176126 0.174834 0.313290 1455.254210 1.890493 1031546.518946
3.50000000000003197442 0.174693 0.312766 1451.107824 1.567829 1031546.518946
3.49000000000003218759 0.174589 0.312526 1446.961158 0.999623 1031546.518946
3.48000000000003240075 0.174537 0.312469 1442.814312 0.274598 1031546.518946
3.47000000000003261391 0.174546 0.312462 1438.667417 -0.493541 1031546.518946
3.46000000000003282707 0.174614 0.312364 1434.520610 -1.184201 1031546.518946
3.45000000000003304024 0.174731 0.312052 1430.374016 -1.689162 1031546.518946
3.44000000000003325340 0.174878 0.311432 1426.227724 -1.929739 1031546.518946
3.43000000000003346656 0.175033 0.310463 1422.081776 -1.868993 1031546.518946
3.42000000000003367973 0.175171 0.309155 1417.936161 -1.517134 1031546.518946
3.41000000000003389289 0.175270 0.307575 1413.790815 -0.929489 1031546.518946
3.40000000000003410605 0.175316 0.305826 1409.645634 -0.197618 1031546.518946
3.39000000000003431921 0.175301 0.304043 1405.500488 0.564894 1031546.518946
3.38000000000003453238 0.175228 0.302360 1401.355243 1.239796 1031546.518946
3.37000000000003474554 0.175107 0.300902 1397.209777 1.722192 1031546.518946
3.36000000000003495870 0.174958 0.299754 1393.064004 1.936661 1031546.518946
3.35000000000003517187 0.174804 0.298957 1388.917887 1.849114 1031546.518946
3.34000000000003538503 0.174669 0.298495 1384.771440 1.472489 1031546.518946
3.33000000000003559819 0.174574 0.298301 1380.624728 0.865162 1031546.518946
3.32000000000003581135 0.174534 0.298265 1376.477862 0.122079 1031546.518946
3.31000000000003602452 0.174555 0.298251 1372.330973 -0.640173 1031546.518946
3.30000000000003623768 0.174634 0.298120 1368.184200 -1.301942 1031546.518946
3.29000000000003645084 0.174758 0.297752 1364.037660 -1.759613 1031546.518946
3.28000000000003666401 0.174909 0.297065 1359.891434 -1.941995 1031546.518946
3.27000000000003687717 0.175062 0.296026 1355.745555 -1.821290 1031546.518946
3.26000000000003709033 0.175194 0.294658 1351.600000 -1.417036 1031546.518946
3.25000000000003730349 0.175284 0.293035 1347.454696 -0.792636 1031546.518946
3.24000000000003751666 0.175318 0.291269 1343.309533 -0.045272 1031546.518946
3.23000000000003772982 0.175291 0.289494 1339.164378 0.709111 1031546.518946
3.22000000000003794298 0.175207 0.287847 1335.019097 1.353501 1031546.518946
3.21000000000003815614 0.175079 0.286445 1330.873576 1.787659 1031546.518946
3.20000000000003836931 0.174927 0.285365 1326.727737 1.943580 1031546.518946
3.19000000000003858247 0.174775 0.284637 1322.581551 1.796256 1031546.518946
3.18000000000003879563 0.174646 0.284235 1318.435044 1.367986 1031546.518946
3.17000000000003900880 0.174561 0.284082 1314.288293 0.725310 1031546.518946
3.16000000000003922196 0.174533 0.284062 1310.141411 -0.031202 1031546.518946
3.15000000000003943512 0.174566 0.284035 1305.994535 -0.782815 1031546.518946
3.14000000000003964828 0.174655 0.283866 1301.847799 -1.411576 1031546.518946
3.13000000000003986145 0.174787 0.283440 1297.701316 -1.819131 1031546.518946
3.12000000000004007461 0.174940 0.282684 1293.555158 -1.942216 1031546.518946
3.11000000000004028777 0.175091 0.281577 1289.409346 -1.762330 1031546.518946
3.10000000000004050094 0.175216 0.280151 1285.263848 -1.308200 1031546.518946
3.09000000000004071410 0.175295 0.278489 1281.118582 -0.650903 1031546.518946
3.08000000000004092726 0.175317 0.276710 1276.973431 0.107352 1031546.518946
3.07000000000004114042 0.175279 0.274951 1272.828262 0.848963 1031546.518946
3.06000000000004135359 0.175185 0.273344 1268.682941 1.458860 1031546.518946
3.05000000000004156675 0.175050 0.272001 1264.537362 1.842079 1031546.518946
3.04000000000004177991 0.174896 0.270990 1260.391455 1.938458 1031546.518946
3.03000000000004199308 0.174747 0.270330 1256.245202 1.732241 1031546.518946
3.02000000000004220624 0.174625 0.269986 1252.098639 1.254968 1031546.518946
3.01000000000004241940 0.174551 0.269869 1247.951852 0.580935 1031546.518946
3.00000000000004263256 0.174535 0.269858 1243.804960 -0.184289 1031546.518946
2.99000000000004284573 0.174580 0.269814 1239.658101 -0.920577 1031546.518946
2.98000000000004305889 0.174679 0.269602 1235.511408 -1.512426 1031546.518946
2.97000000000004327205 0.174816 0.269115 1231.364985 -1.867353 1031546.518946
2.96000000000004348522 0.174971 0.268290 1227.218896 -1.930407 1031546.518946
2.95000000000004369838 0.175118 0.267115 1223.073150 -1.692482 1031546.518946
2.94000000000004391154 0.175235 0.265634 1218.927706 -1.191298 1031546.518946
2.93000000000004412470 0.175305 0.263939 1214.782473 -0.505162 1031546.518946
2.92000000000004433787 0.175315 0.262153 1210.637329 0.259316 1031546.518946
2.91000000000004455103 0.175264 0.260414 1206.492140 0.983586 1031546.518946
2.90000000000004476419 0.175161 0.258851 1202.346776 1.555220 1031546.518946
2.89000000000004497736 0.175021 0.257570 1198.201136 1.885111 1031546.518946
2.88000000000004519052 0.174866 0.256629 1194.055160 1.921321 1031546.518946
2.87000000000004540368 0.174720 0.256036 1189.908841 1.657462 1031546.518946
2.86000000000004561684 0.174606 0.255745 1185.762226 1.134135 1031546.518946
2.85000000000004583001 0.174543 0.255660 1181.615407 0.432939 1031546.518946
2.84000000000004604317 0.174539 0.255654 1177.468511 -0.336226 1031546.518946
2.83000000000004625633 0.174595 0.255586 1173.321675 -1.052602 1031546.518946
2.82000000000004646949 0.174703 0.255327 1169.175028 -1.603866 1031546.518946
2.81000000000004668266 0.174846 0.254777 1165.028667 -1.903985 1031546.518946
2.80000000000004689582 0.175001 0.253881 1160.882647 -1.906648 1031546.518946
2.79000000000004710898 0.175144 0.252640 1156.736966 -1.612183 1031546.518946
2.78000000000004732215 0.175253 0.251109 1152.591572 -1.067055 1031546.518946
2.77000000000004753531 0.175311 0.249385 1148.446367 -0.356311 1031546.518946
2.76000000000004774847 0.175309 0.247597 1144.301225 0.409684 1031546.518946
2.75000000000004796163 0.175247 0.245883 1140.156011 1.112150 1031546.518946
2.74000000000004817480 0.175135 0.244370 1136.010599 1.641983 1031546.518946
2.73000000000004838796 0.174990 0.243152 1131.864896 1.916483 1031546.518946
2.72000000000004860112 0.174835 0.242281 1127.718851 1.892269 1031546.518946
2.71000000000004881429 0.174694 0.241754 1123.572468 1.572378 1031546.518946
2.70000000000004902745 0.174589 0.241512 1119.425804 1.006238 1031546.518946
2.69000000000004924061 0.174537 0.241454 1115.278959 0.282243 1031546.518946
2.68000000000004945377 0.174545 0.241446 1111.132064 -0.486066 1031546.518946
2.67000000000004966694 0.174613 0.241351 1106.985256 -1.178069 1031546.518946
2.66000000000004988010 0.174730 0.241041 1102.838659 -1.685332 1031546.518946
2.65000000000005009326 0.174877 0.240424 1098.692363 -1.928805 1031546.518946
2.64000000000005030643 0.175031 0.239459 1094.546412 -1.871092 1031546.518946
2.63000000000005051959 0.175169 0.238155 1090.400794 -1.521933 1031546.518946
2.62000000000005073275 0.175269 0.236576 1086.255446 -0.936237 1031546.518946
2.61000000000005094591 0.175316 0.234829 1082.110264 -0.205267 1031546.518946
2.60000000000005115908 0.175302 0.233045 1077.965119 0.557531 1031546.518946
2.59000000000005137224 0.175229 0.231361 1073.819874 1.233861 1031546.518946
2.58000000000005158540 0.175108 0.229900 1069.674411 1.718610 1031546.518946
2.57000000000005179857 0.174960 0.228748 1065.528642 1.935995 1031546.518946
2.56000000000005201173 0.174806 0.227948 1061.382528 1.851475 1031546.518946
2.55000000000005222489 0.174670 0.227483 1057.236084 1.477515 1031546.518946
2.54000000000005243805 0.174575 0.227287 1053.089375 0.872071 1031546.518946
2.53000000000005265122 0.174534 0.227249 1048.942509 0.129787 1031546.518946
2.52000000000005286438 0.174554 0.227236 1044.795620 -0.632876 1031546.518946
2.51000000000005307754 0.174633 0.227107 1040.648845 -1.296200 1031546.518946
2.50000000000005329071 0.174757 0.226742 1036.502302 -1.756323 1031546.518946
2.49000000000005350387 0.174907 0.226058 1032.356073 -1.941665 1031546.518946
2.48000000000005371703 0.175061 0.225023 1028.210190 -1.823965 1031546.518946
2.47000000000005393019 0.175193 0.223658 1024.064632 -1.422293 1031546.518946
2.46000000000005414336 0.175283 0.222036 1019.919326 -0.799653 1031546.518946
2.45000000000005435652 0.175318 0.220271 1015.774162 -0.052960 1031546.518946
2.44000000000005456968 0.175291 0.218496 1011.629008 0.701945 1031546.518946
2.43000000000005478284 0.175208 0.216847 1007.483729 1.347968 1031546.518946
2.42000000000005499601 0.175081 0.215442 1003.338211 1.784623 1031546.518946
2.41000000000005520917 0.174929 0.214359 999.192375 1.943519 1031546.518946
2.40000000000005542233 0.174777 0.213627 995.046193 1.799188 1031546.518946
2.39000000000005563550 0.174647 0.213223 990.899689 1.373459 1031546.518946
2.38000000000005584866 0.174562 0.213068 986.752939 0.732469 1031546.518946
2.37000000000005606182 0.174533 0.213046 982.606058 -0.023479 1031546.518946
2.36000000000005627498 0.174565 0.213021 978.459181 -0.775740 1031546.518946
2.35000000000005648815 0.174654 0.212854 974.312443 -1.406259 1031546.518946
2.34000000000005670131 0.174785 0.212431 970.165957 -1.816401 1031546.518946
2.33000000000005691447 0.174938 0.211678 966.019796 -1.942493 1031546.518946
2.32000000000005712764 0.175089 0.210574 961.873981 -1.765564 1031546.518946
2.31000000000005734080 0.175215 0.209151 957.728480 -1.313881 1031546.518946
2.30000000000005755396 0.175295 0.207491 953.583212 -0.658145 1031546.518946
2.29000000000005776712 0.175318 0.205713 949.438061 0.099673 1031546.518946
2.28000000000005798029 0.175279 0.203952 945.292892 0.842037 1031546.518946
2.27000000000005819345 0.175186 0.202344 941.147574 1.453763 1031546.518946
2.26000000000005840661 0.175052 0.200997 937.001998 1.839608 1031546.518946
2.25000000000005861978 0.174898 0.199983 932.856094 1.939004 1031546.518946
2.24000000000005883294 0.174748 0.199320 928.709845 1.735727 1031546.518946
2.23000000000005904610 0.174627 0.198972 924.563285 1.260853 1031546.518946
2.22000000000005925926 0.174551 0.198854 920.416499 0.588301 1031546.518946
2.21000000000005947243 0.174534 0.198843 916.269607 -0.176598 1031546.518946
2.20000000000005968559 0.174579 0.198800 912.122748 -0.913769 1031546.518946
2.19000000000005989875 0.174677 0.198590 907.976052 -1.507567 1031546.518946
2.18000000000006011192 0.174815 0.198106 903.829626 -1.865200 1031546.518946
2.17000000000006032508 0.174969 0.197284 899.683533 -1.931289 1031546.518946
2.16000000000006053824 0.175117 0.196113 895.537785 -1.696254 1031546.518946
2.15000000000006075140 0.175235 0.194635 891.392337 -1.197368 1031546.518946
2.14000000000006096457 0.175304 0.192941 887.247103 -0.512584 1031546.518946
2.13000000000006117773 0.175315 0.191155 883.101959 0.251693 1031546.518946
2.12000000000006139089 0.175265 0.189415 878.956771 0.976943 1031546.518946
2.11000000000006160406 0.175162 0.187850 874.811409 1.550591 1031546.518946
2.10000000000006181722 0.175022 0.186565 870.665772 1.883221 1031546.518946
2.09000000000006203038 0.174867 0.185621 866.519799 1.922470 1031546.518946
2.08000000000006224354 0.174721 0.185025 862.373484 1.661479 1031546.518946
2.07000000000006245671 0.174607 0.184731 858.226871 1.140397 1031546.518946
2.06000000000006266987 0.174543 0.184645 854.080054 0.440466 1031546.518946
2.05000000000006288303 0.174539 0.184638 849.933158 -0.328616 1031546.518946
2.04000000000006309619 0.174594 0.184572 845.786321 -1.046103 1031546.518946
2.03000000000006330936 0.174702 0.184316 841.639671 -1.599495 1031546.518946
2.02000000000006352252 0.174845 0.183768 837.493308 -1.902421 1031546.518946
2.01000000000006373568 0.175000 0.182876 833.347284 -1.908129 1031546.518946
2.00000000000006394885 0.175143 0.181639 829.201600 -1.616470 1031546.518946
1.99000000000006393996 0.175253 0.180110 825.056203 -1.073477 1031546.518946
1.98000000000006393108 0.175311 0.178388 820.910997 -0.363868 1031546.518946
1.97000000000006392220 0.175310 0.176600 816.765855 0.402163 1031546.518946
1.96000000000006391332 0.175248 0.174884 812.620642 1.105832 1031546.518946
1.95000000000006390444 0.175137 0.173368 808.475233 1.637852 1031546.518946
1.94000000000006389556 0.174992 0.172147 804.329533 1.915185 1031546.518946
1.93000000000006388667 0.174837 0.171273 800.183491 1.894015 1031546.518946
1.92000000000006387779 0.174696 0.170742 796.037112 1.576903 1031546.518946
1.91000000000006386891 0.174590 0.170498 791.890450 1.012837 1031546.518946
1.90000000000006386003 0.174537 0.170438 787.743606 0.289883 1031546.518946
1.89000000000006385115 0.174545 0.170431 783.596711 -0.478584 1031546.518946
1.88000000000006384226 0.174612 0.170337 779.449901 -1.171919 1031546.518946
1.87000000000006383338 0.174728 0.170030 775.303302 -1.681476 1031546.518946
1.86000000000006382450 0.174875 0.169417 771.157003 -1.927840 1031546.518946
1.85000000000006381562 0.175030 0.168455 767.011048 -1.873162 1031546.518946
1.84000000000006380674 0.175168 0.167154 762.865427 -1.526708 1031546.518946
1.83000000000006379786 0.175269 0.165577 758.720077 -0.942971 1031546.518946
1.82000000000006378897 0.175316 0.163831 754.574894 -0.212913 1031546.518946
1.81000000000006378009 0.175302 0.162047 750.429749 0.550159 1031546.518946
1.80000000000006377121 0.175230 0.160361 746.284506 1.227907 1031546.518946
1.79000000000006376233 0.175110 0.158897 742.139045 1.715001 1031546.518946
1.78000000000006375345 0.174961 0.157743 737.993280 1.935298 1031546.518946
1.77000000000006374457 0.174807 0.156939 733.847169 1.853808 1031546.518946
1.76000000000006373568 0.174671 0.156471 729.700728 1.482519 1031546.518946
1.75000000000006372680 0.174575 0.156272 725.554021 0.878966 1031546.518946
1.74000000000006371792 0.174534 0.156234 721.407156 0.137493 1031546.518946
1.73000000000006370904 0.174554 0.156221 717.260267 -0.625569 1031546.518946
1.72000000000006370016 0.174632 0.156094 713.113490 -1.290437 1031546.518946
1.71000000000006369127 0.174756 0.155732 708.966944 -1.753005 1031546.518946
1.70000000000006368239 0.174906 0.155052 704.820712 -1.941305 1031546.518946
1.69000000000006367351 0.175059 0.154020 700.674826 -1.826612 1031546.518946
1.68000000000006366463 0.175192 0.152658 696.529264 -1.427527 1031546.518946
1.67000000000006365575 0.175283 0.151038 692.383957 -0.806658 1031546.518946
1.66000000000006364687 0.175318 0.149274 688.238792 -0.060647 1031546.518946
1.65000000000006363798 0.175292 0.147498 684.093638 0.694767 1031546.518946
1.64000000000006362910 0.175209 0.145848 679.948361 1.342414 1031546.518946
1.63000000000006362022 0.175082 0.144439 675.802846 1.781559 1031546.518946
1.62000000000006361134 0.174930 0.143352 671.657013 1.943428 1031546.518946
1.61000000000006360246 0.174778 0.142618 667.510835 1.802092 1031546.518946
1.60000000000006359357 0.174649 0.142210 663.364334 1.378910 1031546.518946
1.59000000000006358469 0.174562 0.142053 659.217586 0.739617 1031546.518946
1.58000000000006357581 0.174533 0.142031 655.070705 -0.015755 1031546.518946
1.57000000000006356693 0.174565 0.142006 650.923828 -0.768653 1031546.518946
1.56000000000006355805 0.174653 0.141841 646.777088 -1.400920 1031546.518946
1.55000000000006354917 0.174784 0.141421 642.630599 -1.813643 1031546.518946
1.54000000000006354028 0.174937 0.140672 638.484434 -1.942740 1031546.518946
1.53000000000006353140 0.175088 0.139571 634.338616 -1.768770 1031546.518946
1.52000000000006352252 0.175213 0.138151 630.193112 -1.319541 1031546.518946
1.51000000000006351364 0.175294 0.136493 626.047842 -0.665376 1031546.518946
1.50000000000006350476 0.175318 0.134715 621.902691 0.091992 1031546.518946
1.49000000000006349588 0.175280 0.132954 617.757523 0.835098 1031546.518946
1.48000000000006348699 0.175187 0.131343 613.612207 1.448644 1031546.518946
1.47000000000006347811 0.175053 0.129994 609.466633 1.837108 1031546.518946
1.46000000000006346923 0.174900 0.128976 605.320733 1.939520 1031546.518946
1.45000000000006346035 0.174750 0.128310 601.174487 1.739185 1031546.518946
1.44000000000006345147 0.174628 0.127959 597.027930 1.266719 1031546.518946
1.43000000000006344258 0.174552 0.127839 592.881146 0.595658 1031546.518946
1.42000000000006343370 0.174534 0.127828 588.734255 -0.168904 1031546.518946
1.41000000000006342482 0.174578 0.127785 584.587394 -0.906946 1031546.518946
1.40000000000006341594 0.174676 0.127578 580.440696 -1.502684 1031546.518946
1.39000000000006340706 0.174813 0.127097 576.294267 -1.863017 1031546.518946
1.38000000000006339818 0.174968 0.126279 572.148171 -1.932141 1031546.518946
1.37000000000006338929 0.175115 0.125111 568.002419 -1.700000 1031546.518946
1.36000000000006338041 0.175234 0.123635 563.856969 -1.203420 1031546.518946
1.35000000000006337153 0.175304 0.121943 559.711733 -0.519999 1031546.518946
1.34000000000006336265 0.175315 0.120158 555.566589 0.244065 1031546.518946
1.33000000000006335377 0.175266 0.118416 551.421401 0.970286 1031546.518946
1.32000000000006334488 0.175163 0.116849 547.276042 1.545939 1031546.518946
1.31000000000006333600 0.175024 0.115561 543.130408 1.881301 1031546.518946
1.30000000000006332712 0.174869 0.114613 538.984439 1.923590 1031546.518946
1.29000000000006331824 0.174723 0.114014 534.838127 1.665470 1031546.518946
1.28000000000006330936 0.174608 0.113717 530.691517 1.146640 1031546.518946
1.27000000000006330048 0.174543 0.113629 526.544701 0.447985 1031546.518946
1.26000000000006329159 0.174538 0.113623 522.397805 -0.321000 1031546.518946
1.25000000000006328271 0.174594 0.113558 518.250967 -1.039587 1031546.518946
1.24000000000006327383 0.174701 0.113304 514.104315 -1.595098 1031546.518946
1.23000000000006326495 0.174843 0.112760 509.957948 -1.900827 1031546.518946
1.22000000000006325607 0.174998 0.111872 505.811921 -1.909580 1031546.518946
1.21000000000006324719 0.175142 0.110638 501.666234 -1.620732 1031546.518946
1.20000000000006323830 0.175252 0.109111 497.520834 -1.079882 1031546.518946
1.19000000000006322942 0.175311 0.107390 493.375627 -0.371420 1031546.518946
1.18000000000006322054 0.175310 0.105602 489.230485 0.394636 1031546.518946
1.17000000000006321166 0.175249 0.103885 485.085273 1.099497 1031546.518946
1.16000000000006320278 0.175138 0.102366 480.939867 1.633694 1031546.518946
1.15000000000006319389 0.174993 0.101142 476.794170 1.913858 1031546.518946
1.14000000000006318501 0.174838 0.100265 472.648132 1.895731 1031546.518946
1.13000000000006317613 0.174697 0.099731 468.501755 1.581402 1031546.518946
1.12000000000006316725 0.174591 0.099484 464.355096 1.019419 1031546.518946
1.11000000000006315837 0.174537 0.099423 460.208253 0.297519 1031546.518946
1.10000000000006314949 0.174545 0.099416 456.061358 -0.471094 1031546.518946
1.09000000000006314060 0.174611 0.099324 451.914547 -1.165751 1031546.518946
1.08000000000006313172 0.174727 0.099019 447.767945 -1.677593 1031546.518946
1.07000000000006312284 0.174874 0.098409 443.621642 -1.926845 1031546.518946
1.06000000000006311396 0.175028 0.097451 439.475684 -1.875203 1031546.518946
1.05000000000006310508 0.175167 0.096153 435.330060 -1.531460 1031546.518946
1.04000000000006309619 0.175268 0.094579 431.184707 -0.949690 1031546.518946
1.03000000000006308731 0.175315 0.092834 427.039524 -0.220555 1031546.518946
1.02000000000006307843 0.175302 0.091049 422.894379 0.542778 1031546.518946
1.01000000000006306955 0.175231 0.089362 418.749137 1.221934 1031546.518946
1.00000000000006306067 0.175111 0.087895 414.603680 1.711365 1031546.518946
0.99000000000006305179 0.174963 0.086737 410.457917 1.934571 1031546.518946
0.98000000000006304290 0.174809 0.085930 406.311811 1.856110 1031546.518946
0.97000000000006303402 0.174673 0.085459 402.165372 1.487498 1031546.518946
0.96000000000006302514 0.174576 0.085258 398.018667 0.885847 1031546.518946
0.95000000000006301626 0.174534 0.085219 393.871804 0.145197 1031546.518946
0.94000000000006300738 0.174553 0.085206 389.724914 -0.618251 1031546.518946
0.93000000000006299850 0.174631 0.085081 385.578135 -1.284654 1031546.518946
0.92000000000006298961 0.174754 0.084721 381.431586 -1.749660 1031546.518946
0.91000000000006298073 0.174904 0.084045 377.285351 -1.940915 1031546.518946
0.90000000000006297185 0.175058 0.083016 373.139461 -1.829229 1031546.518946
0.89000000000006296297 0.175190 0.081657 368.993897 -1.432738 1031546.518946
0.88000000000006295409 0.175282 0.080040 364.848587 -0.813649 1031546.518946
0.87000000000006294520 0.175318 0.078276 360.703422 -0.068333 1031546.518946
0.86000000000006293632 0.175293 0.076500 356.558268 0.687579 1031546.518946
0.85000000000006292744 0.175210 0.074848 352.412993 1.336839 1031546.518946
0.84000000000006291856 0.175083 0.073436 348.267481 1.778467 1031546.518946
0.83000000000006290968 0.174932 0.072346 344.121652 1.943307 1031546.518946
0.82000000000006290080 0.174779 0.071608 339.975476 1.804968 1031546.518946
0.81000000000006289191 0.174650 0.071197 335.828978 1.384340 1031546.518946
0.80000000000006288303 0.174563 0.071038 331.682233 0.746754 1031546.518946
0.79000000000006287415 0.174533 0.071016 327.535353 -0.008030 1031546.518946
0.78000000000006286527 0.174564 0.070991 323.388474 -0.761553 1031546.518946
0.77000000000006285639 0.174652 0.070828 319.241733 -1.395558 1031546.518946
0.76000000000006284750 0.174782 0.070411 315.095241 -1.810855 1031546.518946
0.75000000000006283862 0.174935 0.069666 310.949073 -1.942956 1031546.518946
0.74000000000006282974 0.175086 0.068569 306.803251 -1.771948 1031546.518946
0.73000000000006282086 0.175212 0.067151 302.657744 -1.325180 1031546.518946
0.72000000000006281198 0.175294 0.065495 298.512473 -0.672598 1031546.518946
0.71000000000006280310 0.175318 0.063718 294.367320 0.084310 1031546.518946
0.70000000000006279421 0.175281 0.061956 290.222153 0.828146 1031546.518946
0.69000000000006278533 0.175188 0.060343 286.076839 1.443502 1031546.518946
0.68000000000006277645 0.175055 0.058990 281.931269 1.834580 1031546.518946
0.67000000000006276757 0.174901 0.057969 277.785372 1.940005 1031546.518946
0.66000000000006275869 0.174751 0.057299 273.639129 1.742615 1031546.518946
0.65000000000006274981 0.174629 0.056946 269.492575 1.272565 1031546.518946
0.64000000000006274092 0.174552 0.056824 265.345793 0.603005 1031546.518946
0.63000000000006273204 0.174534 0.056812 261.198902 -0.161208 1031546.518946
0.62000000000006272316 0.174577 0.056771 257.052040 -0.900109 1031546.518946
0.61000000000006271428 0.174675 0.056566 252.905340 -1.497777 1031546.518946
0.60000000000006270540 0.174812 0.056088 248.758908 -1.860805 1031546.518946
0.59000000000006269651 0.174966 0.055273 244.612808 -1.932962 1031546.518946
0.58000000000006268763 0.175114 0.054108 240.467053 -1.703719 1031546.518946
0.57000000000006267875 0.175233 0.052636 236.321601 -1.209452 1031546.518946
0.56000000000006266987 0.175303 0.050946 232.176363 -0.527405 1031546.518946
0.55000000000006266099 0.175315 0.049160 228.031218 0.236434 1031546.518946
0.54000000000006265211 0.175266 0.047417 223.886032 0.963613 1031546.518946
0.53000000000006264322 0.175164 0.045848 219.740675 1.541262 1031546.518946
0.52000000000006263434 0.175025 0.044557 215.595044 1.879351 1031546.518946
0.51000000000006262546 0.174870 0.043606 211.449079 1.924679 1031546.518946
0.50000000000006261658 0.174724 0.043003 207.302770 1.669435 1031546.518946
0.49000000000006260770 0.174609 0.042704 203.156162 1.152866 1031546.518946
0.48000000000006259882 0.174544 0.042614 199.009348 0.455498 1031546.518946
0.47000000000006258993 0.174538 0.042608 194.862452 -0.313380 1031546.518946
0.46000000000006258105 0.174593 0.042544 190.715613 -1.033054 1031546.518946
0.45000000000006257217 0.174700 0.042293 186.568958 -1.590677 1031546.518946
0.44000000000006256329 0.174842 0.041752 182.422588 -1.899204 1031546.518946
0.43000000000006255441 0.174997 0.040867 178.276558 -1.911001 1031546.518946
0.42000000000006254552 0.175141 0.039636 174.130867 -1.624968 1031546.518946
0.41000000000006253664 0.175251 0.038112 169.985466 -1.086270 1031546.518946
0.40000000000006252776 0.175310 0.036392 165.840257 -0.378966 1031546.518946
0.39000000000006251888 0.175310 0.034604 161.695115 0.387103 1031546.518946
0.38000000000006251000 0.175250 0.032886 157.549905 1.093145 1031546.518946
0.37000000000006250112 0.175139 0.031365 153.404500 1.629511 1031546.518946
0.36000000000006249223 0.174995 0.030138 149.258806 1.912500 1031546.518946
0.35000000000006248335 0.174840 0.029256 145.112772 1.897417 1031546.518946
0.34000000000006247447 0.174698 0.028719 140.966399 1.585876 1031546.518946
0.33000000000006246559 0.174592 0.028470 136.819742 1.025986 1031546.518946
0.32000000000006245671 0.174538 0.028408 132.672901 0.305150 1031546.518946
0.31000000000006244782 0.174544 0.028401 128.526005 -0.463597 1031546.518946
0.30000000000006243894 0.174610 0.028310 124.379192 -1.159564 1031546.518946
0.29000000000006243006 0.174726 0.028008 120.232587 -1.673684 1031546.518946
0.28000000000006242118 0.174872 0.027402 116.086282 -1.925820 1031546.518946
0.27000000000006241230 0.175027 0.026447 111.940320 -1.877214 1031546.518946
0.26000000000006240342 0.175166 0.025152 107.794693 -1.536187 1031546.518946
0.25000000000006239453 0.175267 0.023580 103.649338 -0.956395 1031546.518946
0.24000000000006238565 0.175315 0.021836 99.504153 -0.228194 1031546.518946
0.23000000000006237677 0.175303 0.020051 95.359009 0.535389 1031546.518946
0.22000000000006236789 0.175232 0.018363 91.213769 1.215941 1031546.518946
0.21000000000006235901 0.175113 0.016893 87.068314 1.707702 1031546.518946
0.20000000000006235013 0.174964 0.015732 82.922555 1.933814 1031546.518946
0.19000000000006234124 0.174810 0.014920 78.776452 1.858384 1031546.518946
0.18000000000006233236 0.174674 0.014446 74.630016 1.492455 1031546.518946
0.17000000000006232348 0.174577 0.014244 70.483314 0.892714 1031546.518946
0.16000000000006231460 0.174534 0.014203 66.336451 0.152899 1031546.518946
0.15000000000006230572 0.174553 0.014191 62.189561 -0.610924 1031546.518946
0.14000000000006229683 0.174630 0.014067 58.042780 -1.278851 1031546.518946
0.13000000000006228795 0.174753 0.013711 53.896229 -1.746287 1031546.518946
0.12000000000006229295 0.174903 0.013038 49.749990 -1.940494 1031546.518946
0.11000000000006229794 0.175056 0.012013 45.604097 -1.831818 1031546.518946
0.10000000000006230294 0.175189 0.010657 41.458529 -1.437927 1031546.518946
0.09000000000006230794 0.175281 0.009042 37.313218 -0.820628 1031546.518946
0.08000000000006231293 0.175318 0.007279 33.168051 -0.076018 1031546.518946
0.07000000000006231793 0.175293 0.005502 29.022899 0.680379 1031546.518946
0.06000000000006231599 0.175211 0.003848 24.877625 1.331243 1031546.518946
0.05000000000006231404 0.175085 0.002433 20.732115 1.775347 1031546.518946
0.04000000000006231210 0.174934 0.001340 16.586290 1.943155 1031546.518946
0.03000000000006231016 0.174781 0.000598 12.440118 1.807815 1031546.518946
0.02000000000006230821 0.174651 0.000185 8.293623 1.389747 1031546.518946
0.01000000000006230801 0.174564 0.000024 4.146879 0.753878 1031546.518946
0.00000000000006230780 0.174533 0.000000 0.000000 -0.000306 1031546.518946
