0.000000e+00 1.745329e-01 0.000000e+00 0.000000e+00 0.000000e+00 8.60644356795465108007e+05
1.000000e-02 1.781419e-01 2.797776e-03 4.144148e+00 6.903517e+01 8.60644356795467319898e+05
2.000000e-02 1.885507e-01 2.089193e-02 8.273261e+00 1.303642e+02 8.60644356795470230281e+05
3.000000e-02 2.047106e-01 6.366483e-02 1.237822e+01 1.798587e+02 8.60644356795472325757e+05
4.000000e-02 2.253573e-01 1.334585e-01 1.645694e+01 2.172685e+02 8.60644356795472209342e+05
5.000000e-02 2.493231e-01 2.280991e-01 2.051186e+01 2.443666e+02 8.60644356795469764620e+05
6.000000e-02 2.756529e-01 3.437068e-01 2.454713e+01 2.632894e+02 8.60644356795465573668e+05
7.000000e-02 3.035955e-01 4.763401e-01 2.856693e+01 2.757823e+02 8.60644356795459752902e+05
8.000000e-02 3.325520e-01 6.226340e-01 3.257489e+01 2.830400e+02 8.60644356795452302322e+05
9.000000e-02 3.620214e-01 7.799183e-01 3.657391e+01 2.857794e+02 8.60644356795440893620e+05
1.000000e-01 3.915573e-01 9.461367e-01 4.056627e+01 2.843650e+02 8.60644356795409927145e+05
1.100000e-01 4.207382e-01 1.119718e+00 4.455372e+01 2.789240e+02 8.60644356795402709395e+05
1.200000e-01 4.491474e-01 1.299453e+00 4.853764e+01 2.694419e+02 8.60644356795401312411e+05
1.300000e-01 4.763630e-01 1.484395e+00 5.251907e+01 2.558410e+02 8.60644356795402010903e+05
1.400000e-01 5.019546e-01 1.673777e+00 5.649882e+01 2.380468e+02 8.60644356795404339209e+05
1.500000e-01 5.254867e-01 1.866958e+00 6.047751e+01 2.160445e+02 8.60644356795407948084e+05
1.600000e-01 5.465276e-01 2.063369e+00 6.445557e+01 1.899282e+02 8.60644356795410392806e+05
1.700000e-01 5.646627e-01 2.262487e+00 6.843334e+01 1.599379e+02 8.60644356795413186774e+05
1.800000e-01 5.795106e-01 2.463807e+00 7.241101e+01 1.264835e+02 8.60644356795416213572e+05
1.900000e-01 5.907417e-01 2.666827e+00 7.638870e+01 9.015123e+01 8.60644356795419123955e+05
2.000000e-01 5.980958e-01 2.871040e+00 8.036646e+01 5.168976e+01 8.60644356795421801507e+05
2.100000e-01 6.013968e-01 3.075930e+00 8.434427e+01 1.197740e+01 8.60644356795424362645e+05
2.200000e-01 6.005646e-01 3.280976e+00 8.832209e+01 -2.802800e+01 8.60644356795426690951e+05
2.300000e-01 5.956195e-01 3.485656e+00 9.229989e+01 -6.734956e+01 8.60644356795429252088e+05
2.400000e-01 5.866810e-01 3.689450e+00 9.627761e+01 -1.050546e+02 8.60644356795432046056e+05
2.500000e-01 5.739607e-01 3.891848e+00 1.002553e+02 -1.403116e+02 8.60644356795434840024e+05
2.600000e-01 5.577488e-01 4.092343e+00 1.042330e+02 -1.724344e+02 8.60644356795437633991e+05
2.700000e-01 5.383978e-01 4.290435e+00 1.082108e+02 -2.009071e+02 8.60644356795440195128e+05
2.800000e-01 5.163045e-01 4.485613e+00 1.121891e+02 -2.253899e+02 8.60644356795442407019e+05
2.900000e-01 4.918923e-01 4.677338e+00 1.161682e+02 -2.457052e+02 8.60644356795443920419e+05
3.000000e-01 4.655958e-01 4.865019e+00 1.201485e+02 -2.618078e+02 8.60644356795444735326e+05
3.100000e-01 4.378493e-01 5.047969e+00 1.241308e+02 -2.737428e+02 8.60644356795444735326e+05
3.200000e-01 4.090796e-01 5.225357e+00 1.281160e+02 -2.815934e+02 8.60644356795442756265e+05
3.300000e-01 3.797060e-01 5.396142e+00 1.321053e+02 -2.854205e+02 8.60644356795436353423e+05
3.400000e-01 3.501453e-01 5.558983e+00 1.361001e+02 -2.851917e+02 8.60644356795410625637e+05
3.500000e-01 3.208262e-01 5.712129e+00 1.401024e+02 -2.806971e+02 8.60644356795391649939e+05
3.600000e-01 2.922125e-01 5.853292e+00 1.441147e+02 -2.714457e+02 8.60644356795380590484e+05
3.700000e-01 2.648389e-01 5.979526e+00 1.481402e+02 -2.565427e+02 8.60644356795372441411e+05
3.800000e-01 2.393585e-01 6.087200e+00 1.521829e+02 -2.345739e+02 8.60644356795366853476e+05
3.900000e-01 2.165992e-01 6.172276e+00 1.562469e+02 -2.035940e+02 8.60644356795364758000e+05
4.000000e-01 1.976054e-01 6.231290e+00 1.603361e+02 -1.614736e+02 8.60644356795366504230e+05
4.100000e-01 1.836079e-01 6.263502e+00 1.644513e+02 -1.070068e+02 8.60644356795370928012e+05
4.200000e-01 1.758325e-01 6.273904e+00 1.685880e+02 -4.183710e+01 8.60644356795376632363e+05
4.300000e-01 1.751209e-01 6.274697e+00 1.727341e+02 2.822834e+01 8.60644356795380357653e+05
4.400000e-01 1.815571e-01 6.282046e+00 1.768738e+02 9.494185e+01 8.60644356795385247096e+05
4.500000e-01 1.944247e-01 6.309357e+00 1.809939e+02 1.517630e+02 8.60644356795390020125e+05
4.600000e-01 2.125391e-01 6.363035e+00 1.850882e+02 1.962698e+02 8.60644356795391533524e+05
4.700000e-01 2.346490e-01 6.443223e+00 1.891569e+02 2.292747e+02 8.60644356795390252955e+05
4.800000e-01 2.596672e-01 6.546784e+00 1.932034e+02 2.528440e+02 8.60644356795386993326e+05
4.900000e-01 2.867256e-01 6.669682e+00 1.972320e+02 2.690040e+02 8.60644356795382569544e+05
5.000000e-01 3.151411e-01 6.808171e+00 2.012467e+02 2.792787e+02 8.60644356795376981609e+05
5.100000e-01 3.443601e-01 6.959166e+00 2.052507e+02 2.846570e+02 8.60644356795369647443e+05
5.200000e-01 3.739079e-01 7.120257e+00 2.092468e+02 2.856989e+02 8.60644356795356958173e+05
5.300000e-01 4.033512e-01 7.289601e+00 2.132370e+02 2.826608e+02 8.60644356795336352661e+05
5.400000e-01 4.322722e-01 7.465784e+00 2.172229e+02 2.756025e+02 8.60644356795332161710e+05
5.500000e-01 4.602529e-01 7.647714e+00 2.212057e+02 2.644756e+02 8.60644356795332045294e+05
5.600000e-01 4.868679e-01 7.834524e+00 2.251864e+02 2.491962e+02 8.60644356795333907939e+05
5.700000e-01 5.116842e-01 8.025505e+00 2.291656e+02 2.297074e+02 8.60644356795336469077e+05
5.800000e-01 5.342664e-01 8.220049e+00 2.331440e+02 2.060329e+02 8.60644356795338913798e+05
5.900000e-01 5.541878e-01 8.417610e+00 2.371219e+02 1.783216e+02 8.60644356795341824181e+05
6.000000e-01 5.710450e-01 8.617673e+00 2.410996e+02 1.468798e+02 8.60644356795345083810e+05
6.100000e-01 5.844755e-01 8.819737e+00 2.450773e+02 1.121887e+02 8.60644356795348343439e+05
6.200000e-01 5.941752e-01 9.023298e+00 2.490550e+02 7.490250e+01 8.60644356795350555331e+05
6.300000e-01 5.999163e-01 9.227845e+00 2.530328e+02 3.582700e+01 8.60644356795352185145e+05
6.400000e-01 6.015603e-01 9.432860e+00 2.570106e+02 -4.120752e+00 8.60644356795353582129e+05
6.500000e-01 5.990669e-01 9.637822e+00 2.609885e+02 -4.396764e+01 8.60644356795355211943e+05
6.600000e-01 5.924971e-01 9.842208e+00 2.649662e+02 -8.274707e+01 8.60644356795356725343e+05
6.700000e-01 5.820086e-01 1.004550e+01 2.689439e+02 -1.195608e+02 8.60644356795358587988e+05
6.800000e-01 5.678462e-01 1.024720e+01 2.729216e+02 -1.536314e+02 8.60644356795360334218e+05
6.900000e-01 5.503274e-01 1.044679e+01 2.768993e+02 -1.843393e+02 8.60644356795362080447e+05
7.000000e-01 5.298247e-01 1.064377e+01 2.808773e+02 -2.112397e+02 8.60644356795363826677e+05
7.100000e-01 5.067476e-01 1.083763e+01 2.848558e+02 -2.340607e+02 8.60644356795365572907e+05
7.200000e-01 4.815257e-01 1.102780e+01 2.888353e+02 -2.526822e+02 8.60644356795366737060e+05
7.300000e-01 4.545945e-01 1.121367e+01 2.928164e+02 -2.671010e+02 8.60644356795367319137e+05
7.400000e-01 4.263860e-01 1.139449e+01 2.967997e+02 -2.773842e+02 8.60644356795366737060e+05
7.500000e-01 3.973236e-01 1.156937e+01 3.007864e+02 -2.836140e+02 8.60644356795363011770e+05
7.600000e-01 3.678244e-01 1.173714e+01 3.047777e+02 -2.858228e+02 8.60644356795349856839e+05
7.700000e-01 3.383079e-01 1.189632e+01 3.087752e+02 -2.839180e+02 8.60644356795323896222e+05
7.800000e-01 3.092135e-01 1.204496e+01 3.127812e+02 -2.775905e+02 8.60644356795310508460e+05
7.900000e-01 2.810285e-01 1.218052e+01 3.167984e+02 -2.662022e+02 8.60644356795301544480e+05
8.000000e-01 2.543287e-01 1.229977e+01 3.208304e+02 -2.486612e+02 8.60644356795293977484e+05
8.100000e-01 2.298308e-01 1.239884e+01 3.248811e+02 -2.233289e+02 8.60644356795289553702e+05
8.200000e-01 2.084470e-01 1.247377e+01 3.289549e+02 -1.881112e+02 8.60644356795288738795e+05
8.300000e-01 1.913070e-01 1.252185e+01 3.330546e+02 -1.410617e+02 8.60644356795291765593e+05
8.400000e-01 1.796744e-01 1.254428e+01 3.371795e+02 -8.186842e+01 8.60644356795297469944e+05
8.500000e-01 1.746732e-01 1.254900e+01 3.413218e+02 -1.381584e+01 8.60644356795300496742e+05
8.600000e-01 1.768732e-01 1.255049e+01 3.454672e+02 5.589248e+01 8.60644356795302825049e+05
8.700000e-01 1.860165e-01 1.256461e+01 3.496002e+02 1.191983e+02 8.60644356795306201093e+05
8.800000e-01 2.011466e-01 1.260216e+01 3.537103e+02 1.711350e+02 8.60644356795308529399e+05
8.900000e-01 2.210109e-01 1.266672e+01 3.577940e+02 2.108104e+02 8.60644356795308762230e+05
9.000000e-01 2.444078e-01 1.275677e+01 3.618533e+02 2.397586e+02 8.60644356795306783170e+05
9.100000e-01 2.703388e-01 1.286859e+01 3.658921e+02 2.601308e+02 8.60644356795303057879e+05
9.200000e-01 2.980162e-01 1.299817e+01 3.699146e+02 2.737741e+02 8.60644356795297819190e+05
9.300000e-01 3.268157e-01 1.314201e+01 3.739247e+02 2.819891e+02 8.60644356795291183516e+05
9.400000e-01 3.562208e-01 1.329732e+01 3.779252e+02 2.855769e+02 8.60644356795281753875e+05
9.500000e-01 3.857774e-01 1.346192e+01 3.819188e+02 2.849615e+02 8.60644356795258936472e+05
9.600000e-01 4.150607e-01 1.363417e+01 3.859071e+02 2.803083e+02 8.60644356795249506831e+05
9.700000e-01 4.436544e-01 1.381278e+01 3.898916e+02 2.716242e+02 8.60644356795247760601e+05
9.800000e-01 4.711378e-01 1.399676e+01 3.938734e+02 2.588383e+02 8.60644356795248808339e+05
9.900000e-01 4.970823e-01 1.418533e+01 3.978535e+02 2.418706e+02 8.60644356795250205323e+05
1.000000e+00 5.210528e-01 1.437781e+01 4.018323e+02 2.206905e+02 8.60644356795252882876e+05
1.010000e+00 5.426160e-01 1.457363e+01 4.058105e+02 1.953674e+02 8.60644356795256258920e+05
1.020000e+00 5.613525e-01 1.477225e+01 4.097883e+02 1.661104e+02 8.60644356795259402134e+05
1.030000e+00 5.768732e-01 1.497318e+01 4.137659e+02 1.332950e+02 8.60644356795261846855e+05
1.040000e+00 5.888369e-01 1.517591e+01 4.177436e+02 9.747302e+01 8.60644356795264291577e+05
1.050000e+00 5.969683e-01 1.537993e+01 4.217214e+02 5.936349e+01 8.60644356795266503468e+05
1.060000e+00 6.010740e-01 1.558473e+01 4.256992e+02 1.982271e+01 8.60644356795268598944e+05
1.070000e+00 6.010543e-01 1.578978e+01 4.296770e+02 -2.020254e+01 8.60644356795270578004e+05
1.080000e+00 5.969097e-01 1.599458e+01 4.336548e+02 -5.973407e+01 8.60644356795272673480e+05
1.090000e+00 5.887408e-01 1.619858e+01 4.376325e+02 -9.782569e+01 8.60644356795274885371e+05
1.100000e+00 5.767419e-01 1.640130e+01 4.416102e+02 -1.336222e+02 8.60644356795277213678e+05
1.110000e+00 5.611889e-01 1.660220e+01 4.455879e+02 -1.664061e+02 8.60644356795279541984e+05
1.120000e+00 5.424236e-01 1.680081e+01 4.495657e+02 -1.956272e+02 8.60644356795281753875e+05
1.130000e+00 5.208355e-01 1.699660e+01 4.535439e+02 -2.209116e+02 8.60644356795283500105e+05
1.140000e+00 4.968442e-01 1.718904e+01 4.575227e+02 -2.420518e+02 8.60644356795285129920e+05
1.150000e+00 4.708830e-01 1.737757e+01 4.615028e+02 -2.589795e+02 8.60644356795286061242e+05
1.160000e+00 4.433870e-01 1.756151e+01 4.654846e+02 -2.717260e+02 8.60644356795286410488e+05
1.170000e+00 4.147848e-01 1.774006e+01 4.694692e+02 -2.803715e+02 8.60644356795285013504e+05
1.180000e+00 3.854969e-01 1.791224e+01 4.734575e+02 -2.849865e+02 8.60644356795279541984e+05
1.190000e+00 3.559398e-01 1.807676e+01 4.774511e+02 -2.855630e+02 8.60644356795255444013e+05
1.200000e+00 3.265382e-01 1.823197e+01 4.814518e+02 -2.819337e+02 8.60644356795238330960e+05
1.210000e+00 2.977468e-01 1.837569e+01 4.854619e+02 -2.736716e+02 8.60644356795227271505e+05
1.220000e+00 2.700829e-01 1.850512e+01 4.894846e+02 -2.599713e+02 8.60644356795218656771e+05
1.230000e+00 2.441720e-01 1.861675e+01 4.935235e+02 -2.395271e+02 8.60644356795212952420e+05
1.240000e+00 2.208036e-01 1.870658e+01 4.975830e+02 -2.104870e+02 8.60644356795209925622e+05
1.250000e+00 2.009784e-01 1.877089e+01 5.016670e+02 -1.707001e+02 8.60644356795210740529e+05
1.260000e+00 1.858994e-01 1.880819e+01 5.057773e+02 -1.186455e+02 8.60644356795215746388e+05
1.270000e+00 1.768185e-01 1.882212e+01 5.099105e+02 -5.524849e+01 8.60644356795219704509e+05
1.280000e+00 1.746872e-01 1.882356e+01 5.140560e+02 1.448430e+01 8.60644356795222382061e+05
1.290000e+00 1.797553e-01 1.882839e+01 5.181982e+02 8.248174e+01 8.60644356795225525275e+05
1.300000e+00 1.914461e-01 1.885104e+01 5.223228e+02 1.415681e+02 8.60644356795229134150e+05
1.310000e+00 2.086323e-01 1.889938e+01 5.264224e+02 1.884994e+02 8.60644356795230763964e+05
1.320000e+00 2.300507e-01 1.897455e+01 5.304959e+02 2.236129e+02 8.60644356795230065472e+05
1.330000e+00 2.545735e-01 1.907384e+01 5.345464e+02 2.488617e+02 8.60644356795227155089e+05
1.340000e+00 2.812906e-01 1.919326e+01 5.385782e+02 2.663374e+02 8.60644356795222498477e+05
1.350000e+00 3.094867e-01 1.932895e+01 5.425953e+02 2.776732e+02 8.60644356795216794126e+05
1.360000e+00 3.385873e-01 1.947770e+01 5.466012e+02 2.839563e+02 8.60644356795209227130e+05
1.370000e+00 3.681057e-01 1.963697e+01 5.505986e+02 2.858209e+02 8.60644356795195606537e+05
1.380000e+00 3.976026e-01 1.980482e+01 5.545899e+02 2.835737e+02 8.60644356795176980086e+05
1.390000e+00 4.266589e-01 1.997976e+01 5.585765e+02 2.773057e+02 8.60644356795172323473e+05
1.400000e+00 4.548573e-01 2.016063e+01 5.625598e+02 2.669835e+02 8.60644356795171624981e+05
1.410000e+00 4.817743e-01 2.034655e+01 5.665409e+02 2.525249e+02 8.60644356795173138380e+05
1.420000e+00 5.069778e-01 2.053676e+01 5.705203e+02 2.338634e+02 8.60644356795175699517e+05
1.430000e+00 5.300324e-01 2.073065e+01 5.744989e+02 2.110028e+02 8.60644356795178027824e+05
1.440000e+00 5.505086e-01 2.092766e+01 5.784768e+02 1.840646e+02 8.60644356795180821791e+05
1.450000e+00 5.679972e-01 2.112727e+01 5.824546e+02 1.533225e+02 8.60644356795184081420e+05
1.460000e+00 5.821261e-01 2.132898e+01 5.864322e+02 1.192225e+02 8.60644356795187341049e+05
1.470000e+00 5.925784e-01 2.153229e+01 5.904100e+02 8.238622e+01 8.60644356795190367848e+05
1.480000e+00 5.991100e-01 2.173668e+01 5.943877e+02 4.359225e+01 8.60644356795191881247e+05
1.490000e+00 6.015641e-01 2.194165e+01 5.983655e+02 3.739799e+00 8.60644356795193394646e+05
1.500000e+00 5.998809e-01 2.214666e+01 6.023434e+02 -3.620420e+01 8.60644356795194908045e+05
1.510000e+00 5.941014e-01 2.235120e+01 6.063211e+02 -7.526687e+01 8.60644356795196537860e+05
1.520000e+00 5.843649e-01 2.255475e+01 6.102989e+02 -1.125320e+02 8.60644356795198167674e+05
1.530000e+00 5.709003e-01 2.275680e+01 6.142765e+02 -1.471950e+02 8.60644356795199913904e+05
1.540000e+00 5.540121e-01 2.295684e+01 6.182542e+02 -1.786033e+02 8.60644356795201543719e+05
1.550000e+00 5.340635e-01 2.315437e+01 6.222322e+02 -2.062774e+02 8.60644356795203406364e+05
1.560000e+00 5.114580e-01 2.334889e+01 6.262105e+02 -2.299126e+02 8.60644356795205152594e+05
1.570000e+00 4.866226e-01 2.353983e+01 6.301898e+02 -2.493613e+02 8.60644356795206433162e+05
1.580000e+00 4.599925e-01 2.372660e+01 6.341705e+02 -2.646008e+02 8.60644356795207248069e+05
1.590000e+00 4.320009e-01 2.390848e+01 6.381533e+02 -2.756886e+02 8.60644356795206898823e+05
1.600000e+00 4.030730e-01 2.408460e+01 6.421393e+02 -2.827086e+02 8.60644356795204221271e+05
1.610000e+00 3.736267e-01 2.425387e+01 6.461295e+02 -2.857084e+02 8.60644356795195606537e+05
1.620000e+00 3.440800e-01 2.441488e+01 6.501257e+02 -2.846268e+02 8.60644356795168481767e+05
1.630000e+00 3.148663e-01 2.456577e+01 6.541298e+02 -2.792053e+02 8.60644356795154861175e+05
1.640000e+00 2.864610e-01 2.470412e+01 6.581446e+02 -2.688800e+02 8.60644356795143685304e+05
1.650000e+00 2.594185e-01 2.482686e+01 6.621733e+02 -2.526576e+02 8.60644356795135186985e+05
1.660000e+00 2.344235e-01 2.493021e+01 6.662200e+02 -2.290088e+02 8.60644356795130064711e+05
1.670000e+00 2.123462e-01 2.501016e+01 6.702889e+02 -1.959036e+02 8.60644356795128667727e+05
1.680000e+00 1.942756e-01 2.506358e+01 6.743835e+02 -1.512800e+02 8.60644356795130996034e+05
1.690000e+00 1.814639e-01 2.509066e+01 6.785038e+02 -9.434677e+01 8.60644356795135536231e+05
1.700000e+00 1.750935e-01 2.509787e+01 6.826436e+02 -2.756481e+01 8.60644356795139727183e+05
1.710000e+00 1.758740e-01 2.509868e+01 6.867897e+02 4.249215e+01 8.60644356795142637566e+05
1.720000e+00 1.837135e-01 2.510925e+01 6.909262e+02 1.075810e+02 8.60644356795146944933e+05
1.730000e+00 1.977646e-01 2.514170e+01 6.950413e+02 1.619319e+02 8.60644356795150204562e+05
1.740000e+00 2.167997e-01 2.520097e+01 6.991302e+02 2.039379e+02 8.60644356795150786638e+05
1.750000e+00 2.395894e-01 2.528628e+01 7.031940e+02 2.348218e+02 8.60644356795149156824e+05
1.760000e+00 2.650914e-01 2.539415e+01 7.072365e+02 2.567150e+02 8.60644356795145664364e+05
1.770000e+00 2.924797e-01 2.552054e+01 7.112619e+02 2.715585e+02 8.60644356795141007751e+05
1.780000e+00 3.211024e-01 2.566183e+01 7.152741e+02 2.807612e+02 8.60644356795134954154e+05
1.790000e+00 3.504260e-01 2.581508e+01 7.192763e+02 2.852134e+02 8.60644356795126921497e+05
1.800000e+00 3.799869e-01 2.597801e+01 7.232710e+02 2.854030e+02 8.60644356795109575614e+05
1.810000e+00 4.093567e-01 2.614886e+01 7.272602e+02 2.815378e+02 8.60644356795096537098e+05
1.820000e+00 4.381186e-01 2.632630e+01 7.312454e+02 2.736487e+02 8.60644356795094208792e+05
1.830000e+00 4.658534e-01 2.650930e+01 7.352277e+02 2.616744e+02 8.60644356795094558038e+05
1.840000e+00 4.921340e-01 2.669703e+01 7.392080e+02 2.455319e+02 8.60644356795095955022e+05
1.850000e+00 5.165262e-01 2.688879e+01 7.431871e+02 2.251766e+02 8.60644356795098399743e+05
1.860000e+00 5.385954e-01 2.708399e+01 7.471653e+02 2.006547e+02 8.60644356795102008618e+05
1.870000e+00 5.579183e-01 2.728211e+01 7.511432e+02 1.721454e+02 8.60644356795104919001e+05
1.880000e+00 5.740987e-01 2.748263e+01 7.551209e+02 1.399901e+02 8.60644356795107480139e+05
1.890000e+00 5.867842e-01 2.768504e+01 7.590986e+02 1.047063e+02 8.60644356795110041276e+05
1.900000e+00 5.956856e-01 2.788885e+01 7.630763e+02 6.698184e+01 8.60644356795112602413e+05
1.910000e+00 6.005920e-01 2.809353e+01 7.670541e+02 2.764927e+01 8.60644356795114814304e+05
1.920000e+00 6.013849e-01 2.829858e+01 7.710319e+02 -1.235796e+01 8.60644356795116909780e+05
1.930000e+00 5.980447e-01 2.850346e+01 7.750097e+02 -5.206286e+01 8.60644356795119121671e+05
1.940000e+00 5.906529e-01 2.870767e+01 7.789875e+02 -9.050805e+01 8.60644356795121449977e+05
1.950000e+00 5.793860e-01 2.891067e+01 7.829652e+02 -1.268163e+02 8.60644356795123894699e+05
1.960000e+00 5.645051e-01 2.911198e+01 7.869428e+02 -1.602402e+02 8.60644356795126455836e+05
1.970000e+00 5.463406e-01 2.931107e+01 7.909206e+02 -1.901953e+02 8.60644356795128900558e+05
1.980000e+00 5.252740e-01 2.950745e+01 7.948987e+02 -2.162734e+02 8.60644356795130879618e+05
1.990000e+00 5.017202e-01 2.970060e+01 7.988774e+02 -2.382358e+02 8.60644356795132509433e+05
2.000000e+00 4.761112e-01 2.988994e+01 8.028571e+02 -2.559900e+02 8.60644356795133557171e+05
2.010000e+00 4.488822e-01 3.007484e+01 8.068386e+02 -2.695513e+02 8.60644356795133906417e+05
2.020000e+00 4.204637e-01 3.025452e+01 8.108225e+02 -2.789946e+02 8.60644356795133091509e+05
2.030000e+00 3.912775e-01 3.042804e+01 8.148100e+02 -2.843975e+02 8.60644356795128202066e+05
2.040000e+00 3.617401e-01 3.059418e+01 8.188024e+02 -2.857733e+02 8.60644356795102357864e+05
2.050000e+00 3.322735e-01 3.075137e+01 8.228015e+02 -2.829930e+02 8.60644356795084197074e+05
2.060000e+00 3.033241e-01 3.089755e+01 8.268096e+02 -2.756897e+02 8.60644356795072206296e+05
2.070000e+00 2.753938e-01 3.103004e+01 8.308295e+02 -2.631421e+02 8.60644356795063940808e+05
2.080000e+00 2.490827e-01 3.114546e+01 8.348649e+02 -2.441506e+02 8.60644356795057537965e+05
2.090000e+00 2.251437e-01 3.123989e+01 8.389201e+02 -2.169648e+02 8.60644356795053929090e+05
2.100000e+00 2.045338e-01 3.130943e+01 8.429990e+02 -1.794468e+02 8.60644356795054045506e+05
2.110000e+00 1.884227e-01 3.135195e+01 8.471042e+02 -1.298337e+02 8.60644356795057770796e+05
2.120000e+00 1.780743e-01 3.136984e+01 8.512336e+02 -6.840492e+01 8.60644356795063824393e+05
2.130000e+00 1.745333e-01 3.137256e+01 8.553778e+02 6.701637e-01 8.60644356795066269115e+05
2.140000e+00 1.782101e-01 3.137544e+01 8.595218e+02 6.966470e+01 8.60644356795068713836e+05
2.150000e+00 1.886793e-01 3.139373e+01 8.636508e+02 1.308936e+02 8.60644356795071857050e+05
2.160000e+00 2.048878e-01 3.143676e+01 8.677555e+02 1.802695e+02 8.60644356795073836111e+05
2.170000e+00 2.255713e-01 3.150681e+01 8.718340e+02 2.175712e+02 8.60644356795073603280e+05
2.180000e+00 2.495637e-01 3.160166e+01 8.758887e+02 2.445818e+02 8.60644356795071158558e+05
2.190000e+00 2.759120e-01 3.171745e+01 8.799238e+02 2.634362e+02 8.60644356795067084022e+05
2.200000e+00 3.038669e-01 3.185023e+01 8.839434e+02 2.758745e+02 8.60644356795061263256e+05
2.210000e+00 3.328306e-01 3.199664e+01 8.879513e+02 2.830865e+02 8.60644356795053812675e+05
2.220000e+00 3.623026e-01 3.215402e+01 8.919502e+02 2.857852e+02 8.60644356795042054728e+05
2.230000e+00 3.918371e-01 3.232031e+01 8.959426e+02 2.843322e+02 8.60644356795004918240e+05
2.240000e+00 4.210126e-01 3.249396e+01 8.999300e+02 2.788529e+02 8.60644356794998748228e+05
2.250000e+00 4.494125e-01 3.267375e+01 9.039139e+02 2.693321e+02 8.60644356794997351244e+05
2.260000e+00 4.766147e-01 3.285873e+01 9.078953e+02 2.556917e+02 8.60644356794998515397e+05
2.270000e+00 5.021887e-01 3.304816e+01 9.118750e+02 2.378573e+02 8.60644356795000727288e+05
2.280000e+00 5.256992e-01 3.324137e+01 9.158537e+02 2.158153e+02 8.60644356795003055595e+05
2.290000e+00 5.467144e-01 3.343781e+01 9.198317e+02 1.896607e+02 8.60644356795005965978e+05
2.300000e+00 5.648199e-01 3.363695e+01 9.238095e+02 1.596353e+02 8.60644356795009342022e+05
2.310000e+00 5.796349e-01 3.383829e+01 9.277872e+02 1.261505e+02 8.60644356795012718067e+05
2.320000e+00 5.908303e-01 3.404132e+01 9.317649e+02 8.979421e+01 8.60644356795014697127e+05
2.330000e+00 5.981465e-01 3.424554e+01 9.357426e+02 5.131655e+01 8.60644356795016443357e+05
2.340000e+00 6.014084e-01 3.445044e+01 9.397204e+02 1.159681e+01 8.60644356795018189587e+05
2.350000e+00 6.005369e-01 3.465548e+01 9.436983e+02 -2.840667e+01 8.60644356795019819401e+05
2.360000e+00 5.955530e-01 3.486016e+01 9.476761e+02 -6.771713e+01 8.60644356795021565631e+05
2.370000e+00 5.865775e-01 3.506394e+01 9.516538e+02 -1.054026e+02 8.60644356795023544692e+05
2.380000e+00 5.738225e-01 3.526632e+01 9.556315e+02 -1.406328e+02 8.60644356795025407337e+05
2.390000e+00 5.575790e-01 3.546680e+01 9.596092e+02 -1.727230e+02 8.60644356795027386397e+05
2.400000e+00 5.382000e-01 3.566486e+01 9.635870e+02 -2.011591e+02 8.60644356795029132627e+05
2.410000e+00 5.160826e-01 3.586001e+01 9.675653e+02 -2.256029e+02 8.60644356795030878857e+05
2.420000e+00 4.916504e-01 3.605170e+01 9.715443e+02 -2.458782e+02 8.60644356795032392256e+05
2.430000e+00 4.653381e-01 3.623934e+01 9.755247e+02 -2.619408e+02 8.60644356795033207163e+05
2.440000e+00 4.375798e-01 3.642224e+01 9.795070e+02 -2.738366e+02 8.60644356795033207163e+05
2.450000e+00 4.088025e-01 3.659957e+01 9.834923e+02 -2.816487e+02 8.60644356795031111687e+05
2.460000e+00 3.794251e-01 3.677029e+01 9.874816e+02 -2.854376e+02 8.60644356795024708845e+05
2.470000e+00 3.498647e-01 3.693305e+01 9.914764e+02 -2.851695e+02 8.60644356794999795966e+05
2.480000e+00 3.205500e-01 3.708609e+01 9.954788e+02 -2.806326e+02 8.60644356794980936684e+05
2.490000e+00 2.919455e-01 3.722713e+01 9.994913e+02 -2.713324e+02 8.60644356794969877228e+05
2.500000e+00 2.645865e-01 3.735320e+01 1.003517e+03 -2.563698e+02 8.60644356794961728156e+05
2.510000e+00 2.391278e-01 3.746068e+01 1.007560e+03 -2.343252e+02 8.60644356794956140220e+05
2.520000e+00 2.163990e-01 3.754552e+01 1.011624e+03 -2.032491e+02 8.60644356794954161160e+05
2.530000e+00 1.974468e-01 3.760428e+01 1.015713e+03 -1.610141e+02 8.60644356794955907390e+05
2.540000e+00 1.835029e-01 3.763625e+01 1.019829e+03 -1.064317e+02 8.60644356794960331172e+05
2.550000e+00 1.757917e-01 3.764649e+01 1.023966e+03 -4.118158e+01 8.60644356794966035523e+05
2.560000e+00 1.751491e-01 3.764727e+01 1.028112e+03 2.889156e+01 8.60644356794969760813e+05
2.570000e+00 1.816508e-01 3.765475e+01 1.032251e+03 9.553601e+01 8.60644356794974650256e+05
2.580000e+00 1.945743e-01 3.768230e+01 1.036371e+03 1.522448e+02 8.60644356794979306869e+05
2.590000e+00 2.127325e-01 3.773623e+01 1.040465e+03 1.966350e+02 8.60644356794980703853e+05
2.600000e+00 2.348747e-01 3.781666e+01 1.044534e+03 2.295398e+02 8.60644356794979423285e+05
2.610000e+00 2.599161e-01 3.792043e+01 1.048580e+03 2.530297e+02 8.60644356794976163656e+05
2.620000e+00 2.869904e-01 3.804349e+01 1.052609e+03 2.691274e+02 8.60644356794971739873e+05
2.630000e+00 3.154160e-01 3.818211e+01 1.056623e+03 2.793517e+02 8.60644356794966035523e+05
2.640000e+00 3.446402e-01 3.833321e+01 1.060627e+03 2.846867e+02 8.60644356794958817773e+05
2.650000e+00 3.741890e-01 3.849439e+01 1.064623e+03 2.856890e+02 8.60644356794946128502e+05
2.660000e+00 4.036293e-01 3.866380e+01 1.068613e+03 2.826126e+02 8.60644356794925755821e+05
2.670000e+00 4.325433e-01 3.884005e+01 1.072599e+03 2.755160e+02 8.60644356794921564870e+05
2.680000e+00 4.605131e-01 3.902203e+01 1.076582e+03 2.643500e+02 8.60644356794921564870e+05
2.690000e+00 4.871131e-01 3.920888e+01 1.080563e+03 2.490308e+02 8.60644356794923311099e+05
2.700000e+00 5.119101e-01 3.939990e+01 1.084542e+03 2.295019e+02 8.60644356794925872236e+05
2.710000e+00 5.344690e-01 3.959447e+01 1.088520e+03 2.057881e+02 8.60644356794928316958e+05
2.720000e+00 5.543631e-01 3.979206e+01 1.092498e+03 1.780395e+02 8.60644356794931227341e+05
2.730000e+00 5.711894e-01 3.999214e+01 1.096476e+03 1.465643e+02 8.60644356794934603386e+05
2.740000e+00 5.845857e-01 4.019422e+01 1.100453e+03 1.118452e+02 8.60644356794937863015e+05
2.750000e+00 5.942488e-01 4.039780e+01 1.104431e+03 7.453797e+01 8.60644356794939958490e+05
2.760000e+00 5.999514e-01 4.060235e+01 1.108409e+03 3.544972e+01 8.60644356794941704720e+05
2.770000e+00 6.015560e-01 4.080737e+01 1.112387e+03 -4.501695e+00 8.60644356794943101704e+05
2.780000e+00 5.990235e-01 4.101233e+01 1.116365e+03 -4.434292e+01 8.60644356794944615103e+05
2.790000e+00 5.924155e-01 4.121671e+01 1.120342e+03 -8.310774e+01 8.60644356794946244918e+05
2.800000e+00 5.818907e-01 4.141999e+01 1.124320e+03 -1.198988e+02 8.60644356794947991148e+05
2.810000e+00 5.676949e-01 4.162166e+01 1.128298e+03 -1.539401e+02 8.60644356794949853793e+05
2.820000e+00 5.501458e-01 4.182123e+01 1.132275e+03 -1.846136e+02 8.60644356794951483607e+05
2.830000e+00 5.296167e-01 4.201819e+01 1.136253e+03 -2.114762e+02 8.60644356794953229837e+05
2.840000e+00 5.065172e-01 4.221201e+01 1.140232e+03 -2.342576e+02 8.60644356794954976067e+05
2.850000e+00 4.812770e-01 4.240215e+01 1.144212e+03 -2.528390e+02 8.60644356794956140220e+05
2.860000e+00 4.543316e-01 4.258797e+01 1.148193e+03 -2.672181e+02 8.60644356794956722297e+05
2.870000e+00 4.261130e-01 4.276875e+01 1.152176e+03 -2.774625e+02 8.60644356794956140220e+05
2.880000e+00 3.970444e-01 4.294356e+01 1.156163e+03 -2.836540e+02 8.60644356794952414930e+05
2.890000e+00 3.675431e-01 4.311126e+01 1.160154e+03 -2.858243e+02 8.60644356794938910753e+05
2.900000e+00 3.380286e-01 4.327035e+01 1.164152e+03 -2.838794e+02 8.60644356794913765043e+05
2.910000e+00 3.089404e-01 4.341888e+01 1.168158e+03 -2.775074e+02 8.60644356794900493696e+05
2.920000e+00 2.807667e-01 4.355430e+01 1.172175e+03 -2.660666e+02 8.60644356794891529717e+05
2.930000e+00 2.540841e-01 4.367337e+01 1.176207e+03 -2.484601e+02 8.60644356794884661213e+05
2.940000e+00 2.296112e-01 4.377223e+01 1.180258e+03 -2.230441e+02 8.60644356794880237430e+05
2.950000e+00 2.082620e-01 4.384692e+01 1.184332e+03 -1.877220e+02 8.60644356794879538938e+05
2.960000e+00 1.911684e-01 4.389473e+01 1.188432e+03 -1.405542e+02 8.60644356794882449321e+05
2.970000e+00 1.795941e-01 4.391695e+01 1.192557e+03 -8.125427e+01 8.60644356794887920842e+05
2.980000e+00 1.746600e-01 4.392156e+01 1.196700e+03 -1.314723e+01 8.60644356794891064055e+05
2.990000e+00 1.769285e-01 4.392310e+01 1.200845e+03 5.653586e+01 8.60644356794893508777e+05
3.000000e+00 1.861340e-01 4.393740e+01 1.204978e+03 1.197500e+02 8.60644356794897001237e+05
3.010000e+00 2.013152e-01 4.397520e+01 1.209088e+03 1.715688e+02 8.60644356794899445958e+05
3.020000e+00 2.212185e-01 4.404002e+01 1.213171e+03 2.111328e+02 8.60644356794899562374e+05
3.030000e+00 2.446439e-01 4.413030e+01 1.217230e+03 2.399894e+02 8.60644356794897583313e+05
3.040000e+00 2.705948e-01 4.424230e+01 1.221269e+03 2.602898e+02 8.60644356794893974438e+05
3.050000e+00 2.982856e-01 4.437203e+01 1.225291e+03 2.738762e+02 8.60644356794888735749e+05
3.060000e+00 3.270932e-01 4.451600e+01 1.229301e+03 2.820440e+02 8.60644356794881983660e+05
3.070000e+00 3.565018e-01 4.467140e+01 1.233302e+03 2.855904e+02 8.60644356794872437604e+05
3.080000e+00 3.860578e-01 4.483609e+01 1.237295e+03 2.849362e+02 8.60644356794849853031e+05
3.090000e+00 4.153365e-01 4.500839e+01 1.241283e+03 2.802448e+02 8.60644356794840656221e+05
3.100000e+00 4.439216e-01 4.518706e+01 1.245268e+03 2.715221e+02 8.60644356794839026406e+05
3.110000e+00 4.713925e-01 4.537109e+01 1.249250e+03 2.586967e+02 8.60644356794840074144e+05
3.120000e+00 4.973202e-01 4.555970e+01 1.253230e+03 2.416890e+02 8.60644356794841471128e+05
3.130000e+00 5.212699e-01 4.575221e+01 1.257208e+03 2.204690e+02 8.60644356794844032265e+05
3.140000e+00 5.428081e-01 4.594806e+01 1.261187e+03 1.951073e+02 8.60644356794847408310e+05
3.150000e+00 5.615158e-01 4.614671e+01 1.265164e+03 1.658144e+02 8.60644356794850551523e+05
3.160000e+00 5.770042e-01 4.634766e+01 1.269142e+03 1.329675e+02 8.60644356794853112660e+05
3.170000e+00 5.889326e-01 4.655040e+01 1.273120e+03 9.712014e+01 8.60644356794855440967e+05
3.180000e+00 5.970265e-01 4.675443e+01 1.277098e+03 5.899278e+01 8.60644356794857652858e+05
3.190000e+00 6.010933e-01 4.695923e+01 1.281075e+03 1.944284e+01 8.60644356794859748334e+05
3.200000e+00 6.010342e-01 4.716429e+01 1.285053e+03 -2.058232e+01 8.60644356794861727394e+05
3.210000e+00 5.968507e-01 4.736908e+01 1.289031e+03 -6.010451e+01 8.60644356794863822870e+05
3.220000e+00 5.886444e-01 4.757308e+01 1.293009e+03 -9.817815e+01 8.60644356794866034761e+05
3.230000e+00 5.766102e-01 4.777577e+01 1.296986e+03 -1.339491e+02 8.60644356794868363068e+05
3.240000e+00 5.610250e-01 4.797666e+01 1.300964e+03 -1.667015e+02 8.60644356794870691374e+05
3.250000e+00 5.422309e-01 4.817524e+01 1.304942e+03 -1.958867e+02 8.60644356794872903265e+05
3.260000e+00 5.206180e-01 4.837100e+01 1.308920e+03 -2.211324e+02 8.60644356794874765910e+05
3.270000e+00 4.966059e-01 4.856342e+01 1.312899e+03 -2.422326e+02 8.60644356794876279309e+05
3.280000e+00 4.706281e-01 4.875190e+01 1.316879e+03 -2.591203e+02 8.60644356794877210632e+05
3.290000e+00 4.431196e-01 4.893579e+01 1.320861e+03 -2.718273e+02 8.60644356794877559878e+05
3.300000e+00 4.145089e-01 4.911429e+01 1.324845e+03 -2.804343e+02 8.60644356794876046479e+05
3.310000e+00 3.852165e-01 4.928640e+01 1.328834e+03 -2.850111e+02 8.60644356794870691374e+05
3.320000e+00 3.556588e-01 4.945084e+01 1.332827e+03 -2.855488e+02 8.60644356794846244156e+05
3.330000e+00 3.262608e-01 4.960595e+01 1.336828e+03 -2.818779e+02 8.60644356794829131104e+05
3.340000e+00 2.974775e-01 4.974956e+01 1.340838e+03 -2.735685e+02 8.60644356794817955233e+05
3.350000e+00 2.698271e-01 4.987883e+01 1.344861e+03 -2.598112e+02 8.60644356794809456915e+05
3.360000e+00 2.439364e-01 4.999027e+01 1.348900e+03 -2.392947e+02 8.60644356794803752564e+05
3.370000e+00 2.205966e-01 5.007987e+01 1.352960e+03 -2.101626e+02 8.60644356794800725766e+05
3.380000e+00 2.008106e-01 5.014393e+01 1.357044e+03 -1.702640e+02 8.60644356794801657088e+05
3.390000e+00 1.857829e-01 5.018098e+01 1.361155e+03 -1.180916e+02 8.60644356794806662947e+05
3.400000e+00 1.767644e-01 5.019473e+01 1.365288e+03 -5.460391e+01 8.60644356794810621068e+05
3.410000e+00 1.747017e-01 5.019612e+01 1.369434e+03 1.515259e+01 8.60644356794813298620e+05
3.420000e+00 1.798367e-01 5.020106e+01 1.373576e+03 8.309422e+01 8.60644356794816441834e+05
3.430000e+00 1.915856e-01 5.022393e+01 1.377700e+03 1.420733e+02 8.60644356794819934294e+05
3.440000e+00 2.088180e-01 5.027252e+01 1.381800e+03 1.888865e+02 8.60644356794821447693e+05
3.450000e+00 2.302709e-01 5.034794e+01 1.385873e+03 2.238959e+02 8.60644356794820865616e+05
3.460000e+00 2.548185e-01 5.044744e+01 1.389923e+03 2.490614e+02 8.60644356794817955233e+05
3.470000e+00 2.815527e-01 5.056703e+01 1.393955e+03 2.664719e+02 8.60644356794813298620e+05
3.480000e+00 3.097600e-01 5.070287e+01 1.397972e+03 2.777554e+02 8.60644356794807594270e+05
3.490000e+00 3.388668e-01 5.085173e+01 1.401978e+03 2.839941e+02 8.60644356794800027274e+05
3.500000e+00 3.683869e-01 5.101109e+01 1.405975e+03 2.858186e+02 8.60644356794786755927e+05
3.510000e+00 3.978817e-01 5.117901e+01 1.409966e+03 2.835330e+02 8.60644356794768129475e+05
3.520000e+00 4.269317e-01 5.135401e+01 1.413953e+03 2.772267e+02 8.60644356794763589278e+05
3.530000e+00 4.551200e-01 5.153494e+01 1.417936e+03 2.668656e+02 8.60644356794762890786e+05
3.540000e+00 4.820227e-01 5.172089e+01 1.421917e+03 2.523673e+02 8.60644356794764404185e+05
3.550000e+00 5.072079e-01 5.191115e+01 1.425897e+03 2.336657e+02 8.60644356794767081738e+05
3.560000e+00 5.302400e-01 5.210507e+01 1.429875e+03 2.107656e+02 8.60644356794769293629e+05
3.570000e+00 5.506896e-01 5.230210e+01 1.433853e+03 1.837897e+02 8.60644356794772204012e+05
3.580000e+00 5.681479e-01 5.250174e+01 1.437831e+03 1.530132e+02 8.60644356794775347225e+05
3.590000e+00 5.822432e-01 5.270347e+01 1.441808e+03 1.188840e+02 8.60644356794778723270e+05
3.600000e+00 5.926593e-01 5.290679e+01 1.445786e+03 8.202520e+01 8.60644356794781633653e+05
3.610000e+00 5.991527e-01 5.311119e+01 1.449764e+03 4.321678e+01 8.60644356794783263467e+05
3.620000e+00 6.015676e-01 5.331616e+01 1.453742e+03 3.358839e+00 8.60644356794784660451e+05
3.630000e+00 5.998451e-01 5.352117e+01 1.457720e+03 -3.658132e+01 8.60644356794786290266e+05
3.640000e+00 5.940271e-01 5.372570e+01 1.461697e+03 -7.563107e+01 8.60644356794787803665e+05
3.650000e+00 5.842540e-01 5.392924e+01 1.465675e+03 -1.128750e+02 8.60644356794789549895e+05
3.660000e+00 5.707553e-01 5.413127e+01 1.469653e+03 -1.475099e+02 8.60644356794791179709e+05
3.670000e+00 5.538362e-01 5.433129e+01 1.473630e+03 -1.788846e+02 8.60644356794792925939e+05
3.680000e+00 5.338604e-01 5.452880e+01 1.477608e+03 -2.065215e+02 8.60644356794794672169e+05
3.690000e+00 5.112317e-01 5.472328e+01 1.481587e+03 -2.301173e+02 8.60644356794796418399e+05
3.700000e+00 4.863771e-01 5.491419e+01 1.485566e+03 -2.495260e+02 8.60644356794797698967e+05
3.710000e+00 4.597321e-01 5.510091e+01 1.489547e+03 -2.647257e+02 8.60644356794798513874e+05
3.720000e+00 4.317296e-01 5.528274e+01 1.493530e+03 -2.757744e+02 8.60644356794798164628e+05
3.730000e+00 4.027948e-01 5.545880e+01 1.497516e+03 -2.827560e+02 8.60644356794795487076e+05
3.740000e+00 3.733456e-01 5.562801e+01 1.501506e+03 -2.857176e+02 8.60644356794786755927e+05
3.750000e+00 3.437999e-01 5.578892e+01 1.505502e+03 -2.845963e+02 8.60644356794759514742e+05
3.760000e+00 3.145916e-01 5.593971e+01 1.509506e+03 -2.791314e+02 8.60644356794745894149e+05
3.770000e+00 2.861964e-01 5.607793e+01 1.513521e+03 -2.687555e+02 8.60644356794734718278e+05
3.780000e+00 2.591700e-01 5.620050e+01 1.517550e+03 -2.524706e+02 8.60644356794726336375e+05
3.790000e+00 2.341983e-01 5.630365e+01 1.521597e+03 -2.287420e+02 8.60644356794721330516e+05
3.800000e+00 2.121536e-01 5.638336e+01 1.525666e+03 -1.955364e+02 8.60644356794719817117e+05
3.810000e+00 1.941270e-01 5.643652e+01 1.529761e+03 -1.507959e+02 8.60644356794722261839e+05
3.820000e+00 1.813714e-01 5.646336e+01 1.533881e+03 -9.375077e+01 8.60644356794726685621e+05
3.830000e+00 1.750667e-01 5.647044e+01 1.538021e+03 -2.690096e+01 8.60644356794730876572e+05
3.840000e+00 1.759161e-01 5.647127e+01 1.542167e+03 4.314673e+01 8.60644356794733903371e+05
3.850000e+00 1.838196e-01 5.648200e+01 1.546304e+03 1.081541e+02 8.60644356794738210738e+05
3.860000e+00 1.979241e-01 5.651469e+01 1.550419e+03 1.623891e+02 8.60644356794741470367e+05
3.870000e+00 2.170006e-01 5.657422e+01 1.554507e+03 2.042808e+02 8.60644356794742052443e+05
3.880000e+00 2.398206e-01 5.665977e+01 1.558571e+03 2.350689e+02 8.60644356794740306213e+05
3.890000e+00 2.653441e-01 5.676783e+01 1.562613e+03 2.568867e+02 8.60644356794737046584e+05
3.900000e+00 2.927470e-01 5.689438e+01 1.566638e+03 2.716708e+02 8.60644356794732273556e+05
3.910000e+00 3.213788e-01 5.703580e+01 1.570651e+03 2.808249e+02 8.60644356794726103544e+05
3.920000e+00 3.507067e-01 5.718915e+01 1.574653e+03 2.852348e+02 8.60644356794717954472e+05
3.930000e+00 3.802677e-01 5.735215e+01 1.578647e+03 2.853852e+02 8.60644356794700142927e+05
3.940000e+00 4.096337e-01 5.752308e+01 1.582636e+03 2.814817e+02 8.60644356794687220827e+05
3.950000e+00 4.383878e-01 5.770058e+01 1.586622e+03 2.735542e+02 8.60644356794684776105e+05
3.960000e+00 4.661108e-01 5.788363e+01 1.590604e+03 2.615407e+02 8.60644356794685358182e+05
3.970000e+00 4.923756e-01 5.807139e+01 1.594584e+03 2.453582e+02 8.60644356794686638750e+05
3.980000e+00 5.167477e-01 5.826319e+01 1.598563e+03 2.249629e+02 8.60644356794689083472e+05
3.990000e+00 5.387927e-01 5.845842e+01 1.602542e+03 2.004020e+02 8.60644356794692692347e+05
4.000000e+00 5.580876e-01 5.865657e+01 1.606519e+03 1.718561e+02 8.60644356794695719145e+05
4.010000e+00 5.742363e-01 5.885710e+01 1.610497e+03 1.396684e+02 8.60644356794698280282e+05
4.020000e+00 5.868871e-01 5.905953e+01 1.614475e+03 1.043579e+02 8.60644356794700841419e+05
4.030000e+00 5.957513e-01 5.926335e+01 1.618452e+03 6.661398e+01 8.60644356794703169726e+05
4.040000e+00 6.006190e-01 5.946804e+01 1.622430e+03 2.727048e+01 8.60644356794705381617e+05
4.050000e+00 6.013725e-01 5.967309e+01 1.626408e+03 -1.273850e+01 8.60644356794707477093e+05
4.060000e+00 5.979933e-01 5.987797e+01 1.630386e+03 -5.243585e+01 8.60644356794709456153e+05
4.070000e+00 5.905636e-01 6.008216e+01 1.634364e+03 -9.086467e+01 8.60644356794711668044e+05
4.080000e+00 5.792610e-01 6.028516e+01 1.638341e+03 -1.271487e+02 8.60644356794714112766e+05
4.090000e+00 5.643473e-01 6.048644e+01 1.642319e+03 -1.605421e+02 8.60644356794716557488e+05
4.100000e+00 5.461533e-01 6.068551e+01 1.646297e+03 -1.904620e+02 8.60644356794718885794e+05
4.110000e+00 5.250611e-01 6.088186e+01 1.650275e+03 -2.165019e+02 8.60644356794720864855e+05
4.120000e+00 5.014857e-01 6.107498e+01 1.654254e+03 -2.384245e+02 8.60644356794722494669e+05
4.130000e+00 4.758592e-01 6.126428e+01 1.658233e+03 -2.561386e+02 8.60644356794723542407e+05
4.140000e+00 4.486169e-01 6.144913e+01 1.662215e+03 -2.696603e+02 8.60644356794723891653e+05
4.150000e+00 4.201891e-01 6.162876e+01 1.666199e+03 -2.790650e+02 8.60644356794722960331e+05
4.160000e+00 3.909976e-01 6.180221e+01 1.670186e+03 -2.844296e+02 8.60644356794718070887e+05
4.170000e+00 3.614589e-01 6.196828e+01 1.674179e+03 -2.857668e+02 8.60644356794690946117e+05
4.180000e+00 3.319950e-01 6.212537e+01 1.678178e+03 -2.829457e+02 8.60644356794672785327e+05
4.190000e+00 3.030529e-01 6.227144e+01 1.682186e+03 -2.755965e+02 8.60644356794660910964e+05
4.200000e+00 2.751350e-01 6.240378e+01 1.686206e+03 -2.629942e+02 8.60644356794652645476e+05
4.210000e+00 2.488426e-01 6.251903e+01 1.690242e+03 -2.439338e+02 8.60644356794646242633e+05
4.220000e+00 2.249303e-01 6.261323e+01 1.694297e+03 -2.166601e+02 8.60644356794642633758e+05
4.230000e+00 2.043574e-01 6.268252e+01 1.698376e+03 -1.790338e+02 8.60644356794642866589e+05
4.240000e+00 1.882952e-01 6.272478e+01 1.702482e+03 -1.293021e+02 8.60644356794646475464e+05
4.250000e+00 1.780073e-01 6.274247e+01 1.706611e+03 -6.777394e+01 8.60644356794652994722e+05
4.260000e+00 1.745342e-01 6.274512e+01 1.710756e+03 1.340317e+00 8.60644356794655439444e+05
4.270000e+00 1.782790e-01 6.274807e+01 1.714900e+03 7.029349e+01 8.60644356794657767750e+05
4.280000e+00 1.888084e-01 6.276657e+01 1.719028e+03 1.314219e+02 8.60644356794660794549e+05
4.290000e+00 2.050654e-01 6.280986e+01 1.723133e+03 1.806791e+02 8.60644356794662890024e+05
4.300000e+00 2.257855e-01 6.288015e+01 1.727211e+03 2.178731e+02 8.60644356794662540779e+05
4.310000e+00 2.498045e-01 6.297523e+01 1.731265e+03 2.447963e+02 8.60644356794660096057e+05
4.320000e+00 2.761713e-01 6.309120e+01 1.735300e+03 2.635823e+02 8.60644356794655905105e+05
4.330000e+00 3.041384e-01 6.322412e+01 1.739320e+03 2.759662e+02 8.60644356794650084339e+05
4.340000e+00 3.331092e-01 6.337065e+01 1.743328e+03 2.831326e+02 8.60644356794642633758e+05
4.350000e+00 3.625838e-01 6.352812e+01 1.747327e+03 2.857906e+02 8.60644356794630759396e+05
4.360000e+00 3.921169e-01 6.369449e+01 1.751319e+03 2.842990e+02 8.60644356794592808001e+05
4.370000e+00 4.212870e-01 6.386820e+01 1.755306e+03 2.787815e+02 8.60644356794586754404e+05
4.380000e+00 4.496775e-01 6.404804e+01 1.759290e+03 2.692219e+02 8.60644356794585473835e+05
4.390000e+00 4.768662e-01 6.423307e+01 1.763271e+03 2.555419e+02 8.60644356794586637989e+05
4.400000e+00 5.024227e-01 6.442253e+01 1.767251e+03 2.376675e+02 8.60644356794588733464e+05
4.410000e+00 5.259115e-01 6.461578e+01 1.771230e+03 2.155857e+02 8.60644356794591061771e+05
4.420000e+00 5.469009e-01 6.481225e+01 1.775208e+03 1.893929e+02 8.60644356794593972154e+05
4.430000e+00 5.649769e-01 6.501141e+01 1.779186e+03 1.593324e+02 8.60644356794597581029e+05
4.440000e+00 5.797589e-01 6.521277e+01 1.783163e+03 1.258173e+02 8.60644356794600724243e+05
4.450000e+00 5.909185e-01 6.541582e+01 1.787141e+03 8.943701e+01 8.60644356794602819718e+05
4.460000e+00 5.981968e-01 6.562005e+01 1.791119e+03 5.094322e+01 8.60644356794604565948e+05
4.470000e+00 6.014197e-01 6.582495e+01 1.795097e+03 1.121619e+01 8.60644356794606312178e+05
4.480000e+00 6.005087e-01 6.602999e+01 1.799074e+03 -2.878527e+01 8.60644356794607825577e+05
4.490000e+00 5.954862e-01 6.623466e+01 1.803052e+03 -6.808455e+01 8.60644356794609688222e+05
4.500000e+00 5.864736e-01 6.643843e+01 1.807030e+03 -1.057503e+02 8.60644356794611550868e+05
4.510000e+00 5.736840e-01 6.664080e+01 1.811008e+03 -1.409537e+02 8.60644356794613413513e+05
4.520000e+00 5.574089e-01 6.684125e+01 1.814985e+03 -1.730113e+02 8.60644356794615392573e+05
4.530000e+00 5.380019e-01 6.703929e+01 1.818963e+03 -2.014108e+02 8.60644356794617138803e+05
4.540000e+00 5.158605e-01 6.723441e+01 1.822941e+03 -2.258155e+02 8.60644356794618885033e+05
4.550000e+00 4.914084e-01 6.742606e+01 1.826921e+03 -2.460507e+02 8.60644356794620398432e+05
4.560000e+00 4.650803e-01 6.761366e+01 1.830901e+03 -2.620734e+02 8.60644356794621213339e+05
4.570000e+00 4.373103e-01 6.779651e+01 1.834883e+03 -2.739299e+02 8.60644356794621213339e+05
4.580000e+00 4.085253e-01 6.797379e+01 1.838869e+03 -2.817036e+02 8.60644356794619234279e+05
4.590000e+00 3.791442e-01 6.814443e+01 1.842858e+03 -2.854543e+02 8.60644356794612598605e+05
4.600000e+00 3.495841e-01 6.830711e+01 1.846853e+03 -2.851470e+02 8.60644356794588617049e+05
4.610000e+00 3.202739e-01 6.846005e+01 1.850855e+03 -2.805677e+02 8.60644356794569641352e+05
4.620000e+00 2.916785e-01 6.860096e+01 1.854868e+03 -2.712186e+02 8.60644356794558814727e+05
4.630000e+00 2.643343e-01 6.872688e+01 1.858894e+03 -2.561962e+02 8.60644356794550549239e+05
4.640000e+00 2.388973e-01 6.883416e+01 1.862937e+03 -2.340756e+02 8.60644356794544961303e+05
4.650000e+00 2.161992e-01 6.891877e+01 1.867001e+03 -2.029032e+02 8.60644356794542982243e+05
4.660000e+00 1.972885e-01 6.897726e+01 1.871091e+03 -1.605535e+02 8.60644356794544728473e+05
4.670000e+00 1.833984e-01 6.900899e+01 1.875207e+03 -1.058555e+02 8.60644356794549268670e+05
4.680000e+00 1.757515e-01 6.901908e+01 1.879344e+03 -4.052560e+01 8.60644356794554856606e+05
4.690000e+00 1.751778e-01 6.901984e+01 1.883490e+03 2.955445e+01 8.60644356794558465481e+05
4.700000e+00 1.817451e-01 6.902746e+01 1.887629e+03 9.612922e+01 8.60644356794563471340e+05
4.710000e+00 1.947243e-01 6.905524e+01 1.891749e+03 1.527255e+02 8.60644356794568011537e+05
4.720000e+00 2.129261e-01 6.910944e+01 1.895843e+03 1.969991e+02 8.60644356794569408521e+05
4.730000e+00 2.351007e-01 6.919010e+01 1.899911e+03 2.298040e+02 8.60644356794568127953e+05
4.740000e+00 2.601652e-01 6.929407e+01 1.903957e+03 2.532147e+02 8.60644356794564984739e+05
4.750000e+00 2.872553e-01 6.941730e+01 1.907985e+03 2.692503e+02 8.60644356794560444541e+05
4.760000e+00 3.156909e-01 6.955605e+01 1.912000e+03 2.794243e+02 8.60644356794554856606e+05
4.770000e+00 3.449204e-01 6.970726e+01 1.916003e+03 2.847160e+02 8.60644356794547522441e+05
4.780000e+00 3.744701e-01 6.986852e+01 1.919999e+03 2.856787e+02 8.60644356794534716755e+05
4.790000e+00 4.039074e-01 7.003801e+01 1.923990e+03 2.825641e+02 8.60644356794513529167e+05
4.800000e+00 4.328144e-01 7.021431e+01 1.927975e+03 2.754291e+02 8.60644356794509571046e+05
4.810000e+00 4.607731e-01 7.039634e+01 1.931958e+03 2.642240e+02 8.60644356794509454630e+05
4.820000e+00 4.873580e-01 7.058324e+01 1.935939e+03 2.488649e+02 8.60644356794511317275e+05
4.830000e+00 5.121359e-01 7.077429e+01 1.939918e+03 2.292959e+02 8.60644356794513878413e+05
4.840000e+00 5.346714e-01 7.096890e+01 1.943896e+03 2.055428e+02 8.60644356794516206719e+05
4.850000e+00 5.545382e-01 7.116651e+01 1.947874e+03 1.777572e+02 8.60644356794519117102e+05
4.860000e+00 5.713335e-01 7.136662e+01 1.951852e+03 1.462486e+02 8.60644356794522493146e+05
4.870000e+00 5.846956e-01 7.156871e+01 1.955830e+03 1.115015e+02 8.60644356794525752775e+05
4.880000e+00 5.943219e-01 7.177230e+01 1.959807e+03 7.417328e+01 8.60644356794528313912e+05
4.890000e+00 5.999861e-01 7.197686e+01 1.963785e+03 3.507237e+01 8.60644356794529827312e+05
4.900000e+00 6.015514e-01 7.218188e+01 1.967763e+03 -4.882627e+00 8.60644356794531340711e+05
4.910000e+00 5.989797e-01 7.238683e+01 1.971741e+03 -4.471810e+01 8.60644356794532854110e+05
4.920000e+00 5.923335e-01 7.259120e+01 1.975719e+03 -8.346822e+01 8.60644356794534367509e+05
4.930000e+00 5.817726e-01 7.279447e+01 1.979696e+03 -1.202366e+02 8.60644356794536230154e+05
4.940000e+00 5.675432e-01 7.299613e+01 1.983674e+03 -1.542485e+02 8.60644356794537859969e+05
4.950000e+00 5.499640e-01 7.319567e+01 1.987652e+03 -1.848875e+02 8.60644356794539606199e+05
4.960000e+00 5.294085e-01 7.339260e+01 1.991630e+03 -2.117124e+02 8.60644356794541352428e+05
4.970000e+00 5.062865e-01 7.358640e+01 1.995608e+03 -2.344542e+02 8.60644356794543098658e+05
4.980000e+00 4.810281e-01 7.377650e+01 1.999588e+03 -2.529955e+02 8.60644356794544262812e+05
4.990000e+00 4.540686e-01 7.396228e+01 2.003569e+03 -2.673348e+02 8.60644356794544844888e+05
5.000000e+00 4.258399e-01 7.414300e+01 2.007552e+03 -2.775403e+02 8.60644356794544262812e+05
