0.000000e+00 1.745329e-01 0.000000e+00 0.000000e+00 0.000000e+00 8.51712633179072989151e+05
1.000000e-02 1.745596e-01 1.110454e-05 4.146891e+00 1.009720e+00 8.51712633179072989151e+05
2.000000e-02 1.746385e-01 8.818349e-05 8.293718e+00 1.972718e+00 8.51712633179072989151e+05
3.000000e-02 1.747659e-01 2.939884e-04 1.244042e+01 2.844556e+00 8.51712633179072989151e+05
4.000000e-02 1.749360e-01 6.850142e-04 1.658693e+01 3.585228e+00 8.51712633179072989151e+05
5.000000e-02 1.751409e-01 1.308826e-03 2.073322e+01 4.161051e+00 8.51712633179073105566e+05
6.000000e-02 1.753712e-01 2.201890e-03 2.487925e+01 4.546205e+00 8.51712633179073105566e+05
7.000000e-02 1.756163e-01 3.387999e-03 2.902498e+01 4.723843e+00 8.51712633179073105566e+05
8.000000e-02 1.758652e-01 4.877364e-03 3.317042e+01 4.686734e+00 8.51712633179073221982e+05
9.000000e-02 1.761065e-01 6.666358e-03 3.731556e+01 4.437446e+00 8.51712633179073454812e+05
1.000000e-01 1.763293e-01 8.737909e-03 4.146042e+01 3.988068e+00 8.51712633179073571227e+05
1.100000e-01 1.765237e-01 1.106247e-02 4.560503e+01 3.359523e+00 8.51712633179073571227e+05
1.200000e-01 1.766807e-01 1.359947e-02 4.974944e+01 2.580532e+00 8.51712633179073687643e+05
1.300000e-01 1.767936e-01 1.629923e-02 5.389368e+01 1.686280e+00 8.51712633179073687643e+05
1.400000e-01 1.768571e-01 1.910515e-02 5.803782e+01 7.168474e-01 8.51712633179073687643e+05
1.500000e-01 1.768686e-01 2.195615e-02 6.218192e+01 -2.845111e-01 8.51712633179073687643e+05
1.600000e-01 1.768274e-01 2.478927e-02 6.632603e+01 -1.273201e+00 8.51712633179073687643e+05
1.700000e-01 1.767354e-01 2.754227e-02 7.047022e+01 -2.205158e+00 8.51712633179073804058e+05
1.800000e-01 1.765967e-01 3.015632e-02 7.461455e+01 -3.038709e+00 8.51712633179073804058e+05
1.900000e-01 1.764175e-01 3.257844e-02 7.875907e+01 -3.736344e+00 8.51712633179073804058e+05
2.000000e-01 1.762059e-01 3.476387e-02 8.290382e+01 -4.266366e+00 8.51712633179073804058e+05
2.100000e-01 1.759713e-01 3.667808e-02 8.704884e+01 -4.604328e+00 8.51712633179073920473e+05
2.200000e-01 1.757243e-01 3.829845e-02 9.119415e+01 -4.734208e+00 8.51712633179073920473e+05
2.300000e-01 1.754761e-01 3.961545e-02 9.533975e+01 -4.649257e+00 8.51712633179074269719e+05
2.400000e-01 1.752381e-01 4.063328e-02 9.948565e+01 -4.352457e+00 8.51712633179074269719e+05
2.500000e-01 1.750210e-01 4.136994e-02 1.036318e+02 -3.856541e+00 8.51712633179074386135e+05
2.600000e-01 1.748348e-01 4.185654e-02 1.077783e+02 -3.183554e+00 8.51712633179074502550e+05
2.700000e-01 1.746880e-01 4.213609e-02 1.119249e+02 -2.363939e+00 8.51712633179074502550e+05
2.800000e-01 1.745875e-01 4.226151e-02 1.160717e+02 -1.435177e+00 8.51712633179074386135e+05
2.900000e-01 1.745379e-01 4.229321e-02 1.202185e+02 -4.400370e-01 8.51712633179074502550e+05
3.000000e-01 1.745415e-01 4.229614e-02 1.243654e+02 5.754713e-01 8.51712633179074502550e+05
3.100000e-01 1.745981e-01 4.233668e-02 1.285123e+02 1.564343e+00 8.51712633179074502550e+05
3.200000e-01 1.747051e-01 4.247937e-02 1.326591e+02 2.480878e+00 8.51712633179074618965e+05
3.300000e-01 1.748576e-01 4.278376e-02 1.368057e+02 3.282898e+00 8.51712633179074618965e+05
3.400000e-01 1.750484e-01 4.330159e-02 1.409520e+02 3.933772e+00 8.51712633179074618965e+05
3.500000e-01 1.752690e-01 4.407436e-02 1.450982e+02 4.404113e+00 8.51712633179074618965e+05
3.600000e-01 1.755090e-01 4.513150e-02 1.492441e+02 4.673078e+00 8.51712633179074735381e+05
3.700000e-01 1.757577e-01 4.648917e-02 1.533896e+02 4.729226e+00 8.51712633179074851796e+05
3.800000e-01 1.760037e-01 4.814973e-02 1.575349e+02 4.570888e+00 8.51712633179074968211e+05
3.900000e-01 1.762358e-01 5.010184e-02 1.616799e+02 4.206090e+00 8.51712633179074968211e+05
4.000000e-01 1.764436e-01 5.232121e-02 1.658246e+02 3.652039e+00 8.51712633179075201042e+05
4.100000e-01 1.766178e-01 5.477182e-02 1.699691e+02 2.934227e+00 8.51712633179075084627e+05
4.200000e-01 1.767505e-01 5.740769e-02 1.741134e+02 2.085219e+00 8.51712633179075201042e+05
4.300000e-01 1.768359e-01 6.017493e-02 1.782576e+02 1.143179e+00 8.51712633179075201042e+05
4.400000e-01 1.768701e-01 6.301409e-02 1.824017e+02 1.502080e-01 8.51712633179075201042e+05
4.500000e-01 1.768516e-01 6.586270e-02 1.865458e+02 -8.494515e-01 8.51712633179075317457e+05
4.600000e-01 1.767812e-01 6.865787e-02 1.906899e+02 -1.811276e+00 8.51712633179075317457e+05
4.700000e-01 1.766621e-01 7.133900e-02 1.948342e+02 -2.692331e+00 8.51712633179075317457e+05
4.800000e-01 1.764996e-01 7.385026e-02 1.989786e+02 -3.453094e+00 8.51712633179075317457e+05
4.900000e-01 1.763010e-01 7.614308e-02 2.031233e+02 -4.059160e+00 8.51712633179075433873e+05
5.000000e-01 1.760750e-01 7.817825e-02 2.072681e+02 -4.482780e+00 8.51712633179075317457e+05
5.100000e-01 1.758321e-01 7.992784e-02 2.114133e+02 -4.704159e+00 8.51712633179075433873e+05
5.200000e-01 1.755830e-01 8.137651e-02 2.155588e+02 -4.712454e+00 8.51712633179075550288e+05
5.300000e-01 1.753392e-01 8.252249e-02 2.197046e+02 -4.506401e+00 8.51712633179075783119e+05
5.400000e-01 1.751117e-01 8.337784e-02 2.238506e+02 -4.094539e+00 8.51712633179075899534e+05
5.500000e-01 1.749110e-01 8.396811e-02 2.279970e+02 -3.494964e+00 8.51712633179075899534e+05
5.600000e-01 1.747462e-01 8.433136e-02 2.321435e+02 -2.734623e+00 8.51712633179075899534e+05
5.700000e-01 1.746250e-01 8.451649e-02 2.362902e+02 -1.848144e+00 8.51712633179075899534e+05
5.800000e-01 1.745530e-01 8.458100e-02 2.404371e+02 -8.762413e-01 8.51712633179076015949e+05
5.900000e-01 1.745334e-01 8.458825e-02 2.445840e+02 1.362108e-01 8.51712633179076015949e+05
6.000000e-01 1.745672e-01 8.460440e-02 2.487308e+02 1.142357e+00 8.51712633179076015949e+05
6.100000e-01 1.746529e-01 8.469518e-02 2.528777e+02 2.095652e+00 8.51712633179076132365e+05
6.200000e-01 1.747864e-01 8.492267e-02 2.570243e+02 2.952129e+00 8.51712633179076132365e+05
6.300000e-01 1.749616e-01 8.534233e-02 2.611708e+02 3.672526e+00 8.51712633179076132365e+05
6.400000e-01 1.751704e-01 8.600034e-02 2.653171e+02 4.224133e+00 8.51712633179076132365e+05
6.500000e-01 1.754034e-01 8.693155e-02 2.694631e+02 4.582277e+00 8.51712633179076248780e+05
6.600000e-01 1.756497e-01 8.815796e-02 2.736088e+02 4.731369e+00 8.51712633179076248780e+05
6.700000e-01 1.758982e-01 8.968795e-02 2.777542e+02 4.665492e+00 8.51712633179076365195e+05
6.800000e-01 1.761376e-01 9.151605e-02 2.818993e+02 4.388514e+00 8.51712633179076481611e+05
6.900000e-01 1.763572e-01 9.362345e-02 2.860441e+02 3.913753e+00 8.51712633179076598026e+05
7.000000e-01 1.765470e-01 9.597902e-02 2.901887e+02 3.263246e+00 8.51712633179076598026e+05
7.100000e-01 1.766985e-01 9.854086e-02 2.943330e+02 2.466661e+00 8.51712633179076598026e+05
7.200000e-01 1.768050e-01 1.012582e-01 2.984773e+02 1.559932e+00 8.51712633179076714441e+05
7.300000e-01 1.768617e-01 1.040738e-01 3.026214e+02 5.836692e-01 8.51712633179076714441e+05
7.400000e-01 1.768661e-01 1.069261e-01 3.067655e+02 -4.185862e-01 8.51712633179076714441e+05
7.500000e-01 1.768179e-01 1.097520e-01 3.109096e+02 -1.402202e+00 8.51712633179076714441e+05
7.600000e-01 1.767194e-01 1.124897e-01 3.150538e+02 -2.323328e+00 8.51712633179076830857e+05
7.700000e-01 1.765749e-01 1.150810e-01 3.191982e+02 -3.140746e+00 8.51712633179076830857e+05
7.800000e-01 1.763909e-01 1.174738e-01 3.233427e+02 -3.817635e+00 8.51712633179076830857e+05
7.900000e-01 1.761756e-01 1.196247e-01 3.274875e+02 -4.323188e+00 8.51712633179076830857e+05
8.000000e-01 1.759387e-01 1.215006e-01 3.316326e+02 -4.634025e+00 8.51712633179076830857e+05
8.100000e-01 1.756909e-01 1.230806e-01 3.357779e+02 -4.735326e+00 8.51712633179076947272e+05
8.200000e-01 1.754434e-01 1.243570e-01 3.399236e+02 -4.621625e+00 8.51712633179077180102e+05
8.300000e-01 1.752076e-01 1.253359e-01 3.440695e+02 -4.297219e+00 8.51712633179077296518e+05
8.400000e-01 1.749940e-01 1.260370e-01 3.482157e+02 -3.776124e+00 8.51712633179077296518e+05
8.500000e-01 1.748127e-01 1.264931e-01 3.523622e+02 -3.081573e+00 8.51712633179077296518e+05
8.600000e-01 1.746718e-01 1.267488e-01 3.565088e+02 -2.245037e+00 8.51712633179077412933e+05
8.700000e-01 1.745779e-01 1.268580e-01 3.606556e+02 -1.304815e+00 8.51712633179077412933e+05
8.800000e-01 1.745353e-01 1.268820e-01 3.648025e+02 -3.042362e-01 8.51712633179077412933e+05
8.900000e-01 1.745461e-01 1.268862e-01 3.689494e+02 7.104263e-01 8.51712633179077529348e+05
9.000000e-01 1.746096e-01 1.269367e-01 3.730962e+02 1.692209e+00 8.51712633179077529348e+05
9.100000e-01 1.747230e-01 1.270977e-01 3.772430e+02 2.595755e+00 8.51712633179077529348e+05
9.200000e-01 1.748811e-01 1.274279e-01 3.813896e+02 3.379522e+00 8.51712633179077529348e+05
9.300000e-01 1.750765e-01 1.279777e-01 3.855359e+02 4.007755e+00 8.51712633179077529348e+05
9.400000e-01 1.753002e-01 1.287871e-01 3.896820e+02 4.452145e+00 8.51712633179077645764e+05
9.500000e-01 1.755421e-01 1.298839e-01 3.938278e+02 4.693071e+00 8.51712633179077762179e+05
9.600000e-01 1.757910e-01 1.312823e-01 3.979734e+02 4.720385e+00 8.51712633179077762179e+05
9.700000e-01 1.760358e-01 1.329828e-01 4.021186e+02 4.533734e+00 8.51712633179077878594e+05
9.800000e-01 1.762652e-01 1.349724e-01 4.062635e+02 4.142410e+00 8.51712633179077878594e+05
9.900000e-01 1.764691e-01 1.372250e-01 4.104082e+02 3.564789e+00 8.51712633179077995010e+05
1.000000e+00 1.766381e-01 1.397033e-01 4.145527e+02 2.827386e+00 8.51712633179077995010e+05
1.010000e+00 1.767648e-01 1.423600e-01 4.186970e+02 1.963607e+00 8.51712633179078111425e+05
1.020000e+00 1.768435e-01 1.451404e-01 4.228411e+02 1.012242e+00 8.51712633179078111425e+05
1.030000e+00 1.768707e-01 1.479845e-01 4.269852e+02 1.578473e-02 8.51712633179078227840e+05
1.040000e+00 1.768452e-01 1.508296e-01 4.311293e+02 -9.813751e-01 8.51712633179078227840e+05
1.050000e+00 1.767680e-01 1.536129e-01 4.352735e+02 -1.934819e+00 8.51712633179078111425e+05
1.060000e+00 1.766428e-01 1.562744e-01 4.394178e+02 -2.801966e+00 8.51712633179078227840e+05
1.070000e+00 1.764749e-01 1.587591e-01 4.435622e+02 -3.543882e+00 8.51712633179078227840e+05
1.080000e+00 1.762721e-01 1.610194e-01 4.477069e+02 -4.126970e+00 8.51712633179078227840e+05
1.090000e+00 1.760433e-01 1.630177e-01 4.518519e+02 -4.524475e+00 8.51712633179078344256e+05
1.100000e+00 1.757988e-01 1.647276e-01 4.559971e+02 -4.717751e+00 8.51712633179078344256e+05
1.110000e+00 1.755498e-01 1.661356e-01 4.601426e+02 -4.697209e+00 8.51712633179078460671e+05
1.120000e+00 1.753076e-01 1.672416e-01 4.642884e+02 -4.462894e+00 8.51712633179078693502e+05
1.130000e+00 1.750831e-01 1.680597e-01 4.684345e+02 -4.024649e+00 8.51712633179078693502e+05
1.140000e+00 1.748867e-01 1.686172e-01 4.725809e+02 -3.401807e+00 8.51712633179078693502e+05
1.150000e+00 1.747274e-01 1.689535e-01 4.767274e+02 -2.622420e+00 8.51712633179078809917e+05
1.160000e+00 1.746124e-01 1.691190e-01 4.808742e+02 -1.722032e+00 8.51712633179078809917e+05
1.170000e+00 1.745473e-01 1.691721e-01 4.850210e+02 -7.420331e-01 8.51712633179078809917e+05
1.180000e+00 1.745348e-01 1.691767e-01 4.891679e+02 2.723082e-01 8.51712633179078926332e+05
1.190000e+00 1.745757e-01 1.691990e-01 4.933148e+02 1.274044e+00 8.51712633179078809917e+05
1.200000e+00 1.746681e-01 1.693046e-01 4.974616e+02 2.216844e+00 8.51712633179078926332e+05
1.210000e+00 1.748076e-01 1.695548e-01 5.016083e+02 3.057253e+00 8.51712633179078926332e+05
1.220000e+00 1.749878e-01 1.700039e-01 5.057547e+02 3.756787e+00 8.51712633179078926332e+05
1.230000e+00 1.752005e-01 1.706968e-01 5.099009e+02 4.283734e+00 8.51712633179078926332e+05
1.240000e+00 1.754358e-01 1.716665e-01 5.140469e+02 4.614587e+00 8.51712633179079042748e+05
1.250000e+00 1.756831e-01 1.729334e-01 5.181925e+02 4.735027e+00 8.51712633179079042748e+05
1.260000e+00 1.759310e-01 1.745039e-01 5.223379e+02 4.640453e+00 8.51712633179079275578e+05
1.270000e+00 1.761684e-01 1.763708e-01 5.264830e+02 4.336024e+00 8.51712633179079391994e+05
1.280000e+00 1.763846e-01 1.785134e-01 5.306277e+02 3.836278e+00 8.51712633179079391994e+05
1.290000e+00 1.765697e-01 1.808993e-01 5.347723e+02 3.164342e+00 8.51712633179079508409e+05
1.300000e+00 1.767155e-01 1.834851e-01 5.389167e+02 2.350808e+00 8.51712633179079508409e+05
1.310000e+00 1.768156e-01 1.862190e-01 5.430609e+02 1.432333e+00 8.51712633179079508409e+05
1.320000e+00 1.768654e-01 1.890431e-01 5.472050e+02 4.500235e-01 8.51712633179079624824e+05
1.330000e+00 1.768627e-01 1.918955e-01 5.513491e+02 -5.523262e-01 8.51712633179079508409e+05
1.340000e+00 1.768076e-01 1.947132e-01 5.554932e+02 -1.530079e+00 8.51712633179079624824e+05
1.350000e+00 1.767026e-01 1.974346e-01 5.596374e+02 -2.439632e+00 8.51712633179079741240e+05
1.360000e+00 1.765524e-01 2.000021e-01 5.637818e+02 -3.240256e+00 8.51712633179079624824e+05
1.370000e+00 1.763637e-01 2.023649e-01 5.679264e+02 -3.895843e+00 8.51712633179079741240e+05
1.380000e+00 1.761449e-01 2.044806e-01 5.720712e+02 -4.376507e+00 8.51712633179079741240e+05
1.390000e+00 1.759059e-01 2.063178e-01 5.762163e+02 -4.659953e+00 8.51712633179079857655e+05
1.400000e+00 1.756575e-01 2.078573e-01 5.803617e+02 -4.732575e+00 8.51712633179079857655e+05
1.410000e+00 1.754110e-01 2.090932e-01 5.845074e+02 -4.590202e+00 8.51712633179079974070e+05
1.420000e+00 1.751775e-01 2.100335e-01 5.886533e+02 -4.238443e+00 8.51712633179080090486e+05
1.430000e+00 1.749677e-01 2.106996e-01 5.927996e+02 -3.692587e+00 8.51712633179080206901e+05
1.440000e+00 1.747913e-01 2.111261e-01 5.969461e+02 -2.977036e+00 8.51712633179080206901e+05
1.450000e+00 1.746564e-01 2.113588e-01 6.010928e+02 -2.124269e+00 8.51712633179080206901e+05
1.460000e+00 1.745691e-01 2.114530e-01 6.052396e+02 -1.173368e+00 8.51712633179080206901e+05
1.470000e+00 1.745337e-01 2.114705e-01 6.093864e+02 -1.681819e-01 8.51712633179080323316e+05
1.480000e+00 1.745516e-01 2.114770e-01 6.135333e+02 8.447896e-01 8.51712633179080323316e+05
1.490000e+00 1.746220e-01 2.115387e-01 6.176802e+02 1.818666e+00 8.51712633179080323316e+05
1.500000e+00 1.747417e-01 2.117192e-01 6.218269e+02 2.708478e+00 8.51712633179080323316e+05
1.510000e+00 1.749052e-01 2.120760e-01 6.259735e+02 3.473347e+00 8.51712633179080439731e+05
1.520000e+00 1.751050e-01 2.126585e-01 6.301198e+02 4.078430e+00 8.51712633179080439731e+05
1.530000e+00 1.753318e-01 2.135051e-01 6.342659e+02 4.496517e+00 8.51712633179080556147e+05
1.540000e+00 1.755752e-01 2.146417e-01 6.384116e+02 4.709220e+00 8.51712633179080439731e+05
1.550000e+00 1.758243e-01 2.160808e-01 6.425571e+02 4.707696e+00 8.51712633179080556147e+05
1.560000e+00 1.760676e-01 2.178211e-01 6.467023e+02 4.492898e+00 8.51712633179080672562e+05
1.570000e+00 1.762942e-01 2.198476e-01 6.508472e+02 4.075379e+00 8.51712633179080788977e+05
1.580000e+00 1.764939e-01 2.221329e-01 6.549919e+02 3.474665e+00 8.51712633179080788977e+05
1.590000e+00 1.766577e-01 2.246380e-01 6.591363e+02 2.718272e+00 8.51712633179080905393e+05
1.600000e+00 1.767782e-01 2.273146e-01 6.632806e+02 1.840419e+00 8.51712633179080905393e+05
1.610000e+00 1.768502e-01 2.301071e-01 6.674247e+02 8.804933e-01 8.51712633179081021808e+05
1.620000e+00 1.768703e-01 2.329549e-01 6.715688e+02 -1.186512e-01 8.51712633179081021808e+05
1.630000e+00 1.768378e-01 2.357954e-01 6.757129e+02 -1.112513e+00 8.51712633179081021808e+05
1.640000e+00 1.767540e-01 2.385658e-01 6.798571e+02 -2.056810e+00 8.51712633179081021808e+05
1.650000e+00 1.766226e-01 2.412066e-01 6.840014e+02 -2.909349e+00 8.51712633179081021808e+05
1.660000e+00 1.764496e-01 2.436638e-01 6.881459e+02 -3.631814e+00 8.51712633179081138223e+05
1.670000e+00 1.762427e-01 2.458911e-01 6.922906e+02 -4.191442e+00 8.51712633179081138223e+05
1.680000e+00 1.760112e-01 2.478520e-01 6.964356e+02 -4.562497e+00 8.51712633179081254639e+05
1.690000e+00 1.757655e-01 2.495220e-01 7.005808e+02 -4.727497e+00 8.51712633179081138223e+05
1.700000e+00 1.755168e-01 2.508892e-01 7.047264e+02 -4.678118e+00 8.51712633179081371054e+05
1.710000e+00 1.752763e-01 2.519556e-01 7.088722e+02 -4.415718e+00 8.51712633179081487469e+05
1.720000e+00 1.750550e-01 2.527369e-01 7.130184e+02 -3.951438e+00 8.51712633179081603885e+05
1.730000e+00 1.748630e-01 2.532622e-01 7.171648e+02 -3.305833e+00 8.51712633179081720300e+05
1.740000e+00 1.747093e-01 2.535726e-01 7.213114e+02 -2.508040e+00 8.51712633179081720300e+05
1.750000e+00 1.746007e-01 2.537195e-01 7.254581e+02 -1.594488e+00 8.51712633179081720300e+05
1.760000e+00 1.745425e-01 2.537623e-01 7.296050e+02 -6.072070e-01 8.51712633179081720300e+05
1.770000e+00 1.745372e-01 2.537654e-01 7.337519e+02 4.081787e-01 8.51712633179081720300e+05
1.780000e+00 1.745852e-01 2.537952e-01 7.378987e+02 1.404670e+00 8.51712633179081720300e+05
1.790000e+00 1.746841e-01 2.539167e-01 7.420455e+02 2.336193e+00 8.51712633179081836715e+05
1.800000e+00 1.748295e-01 2.541905e-01 7.461922e+02 3.159842e+00 8.51712633179081836715e+05
1.810000e+00 1.750146e-01 2.546699e-01 7.503386e+02 3.837943e+00 8.51712633179081836715e+05
1.820000e+00 1.752309e-01 2.553982e-01 7.544848e+02 4.339807e+00 8.51712633179081836715e+05
1.830000e+00 1.754685e-01 2.564068e-01 7.586307e+02 4.643111e+00 8.51712633179081953131e+05
1.840000e+00 1.757165e-01 2.577143e-01 7.627763e+02 4.734818e+00 8.51712633179081953131e+05
1.850000e+00 1.759637e-01 2.593252e-01 7.669216e+02 4.611639e+00 8.51712633179082185961e+05
1.860000e+00 1.761988e-01 2.612304e-01 7.710666e+02 4.280021e+00 8.51712633179082418792e+05
1.870000e+00 1.764113e-01 2.634078e-01 7.752114e+02 3.755706e+00 8.51712633179082418792e+05
1.880000e+00 1.765917e-01 2.658231e-01 7.793559e+02 3.062891e+00 8.51712633179082418792e+05
1.890000e+00 1.767317e-01 2.684319e-01 7.835003e+02 2.233068e+00 8.51712633179082535207e+05
1.900000e+00 1.768252e-01 2.711814e-01 7.876445e+02 1.303587e+00 8.51712633179082535207e+05
1.910000e+00 1.768681e-01 2.740130e-01 7.917886e+02 3.160174e-01 8.51712633179082651623e+05
1.920000e+00 1.768583e-01 2.768644e-01 7.959327e+02 -6.856238e-01 8.51712633179082535207e+05
1.930000e+00 1.767964e-01 2.796726e-01 8.000768e+02 -1.656730e+00 8.51712633179082651623e+05
1.940000e+00 1.766850e-01 2.823766e-01 8.042210e+02 -2.553978e+00 8.51712633179082651623e+05
1.950000e+00 1.765292e-01 2.849195e-01 8.083654e+02 -3.337157e+00 8.51712633179082651623e+05
1.960000e+00 1.763359e-01 2.872515e-01 8.125101e+02 -3.970906e+00 8.51712633179082768038e+05
1.970000e+00 1.761139e-01 2.893315e-01 8.166549e+02 -4.426279e+00 8.51712633179082768038e+05
1.980000e+00 1.758730e-01 2.911297e-01 8.208000e+02 -4.682089e+00 8.51712633179082768038e+05
1.990000e+00 1.756242e-01 2.926286e-01 8.249455e+02 -4.725958e+00 8.51712633179082884453e+05
2.000000e+00 1.753787e-01 2.938241e-01 8.290912e+02 -4.555012e+00 8.51712633179083000869e+05
2.010000e+00 1.751478e-01 2.947261e-01 8.332372e+02 -4.176174e+00 8.51712633179083117284e+05
2.020000e+00 1.749419e-01 2.953579e-01 8.373835e+02 -3.605995e+00 8.51712633179083117284e+05
2.030000e+00 1.747707e-01 2.957556e-01 8.415300e+02 -2.870031e+00 8.51712633179083117284e+05
2.040000e+00 1.746418e-01 2.959664e-01 8.456767e+02 -2.001735e+00 8.51712633179083117284e+05
2.050000e+00 1.745613e-01 2.960466e-01 8.498235e+02 -1.040944e+00 8.51712633179083233699e+05
2.060000e+00 1.745330e-01 2.960588e-01 8.539704e+02 -3.198755e-02 8.51712633179083233699e+05
2.070000e+00 1.745580e-01 2.960689e-01 8.581173e+02 9.784494e-01 8.51712633179083350115e+05
2.080000e+00 1.746353e-01 2.961429e-01 8.622641e+02 1.943611e+00 8.51712633179083350115e+05
2.090000e+00 1.747612e-01 2.963437e-01 8.664108e+02 2.818952e+00 8.51712633179083350115e+05
2.100000e+00 1.749301e-01 2.967282e-01 8.705574e+02 3.564297e+00 8.51712633179083350115e+05
2.110000e+00 1.751340e-01 2.973440e-01 8.747036e+02 4.145740e+00 8.51712633179083350115e+05
2.120000e+00 1.753636e-01 2.982282e-01 8.788497e+02 4.537194e+00 8.51712633179083350115e+05
2.130000e+00 1.756085e-01 2.994049e-01 8.829954e+02 4.721516e+00 8.51712633179083466530e+05
2.140000e+00 1.758574e-01 3.008847e-01 8.871409e+02 4.691170e+00 8.51712633179083466530e+05
2.150000e+00 1.760992e-01 3.026645e-01 8.912860e+02 4.448416e+00 8.51712633179083815776e+05
2.160000e+00 1.763227e-01 3.047275e-01 8.954309e+02 4.005053e+00 8.51712633179083815776e+05
2.170000e+00 1.765181e-01 3.070447e-01 8.995755e+02 3.381740e+00 8.51712633179083815776e+05
2.180000e+00 1.766764e-01 3.095757e-01 9.037199e+02 2.606973e+00 8.51712633179083932191e+05
2.190000e+00 1.767908e-01 3.122712e-01 9.078642e+02 1.715755e+00 8.51712633179083932191e+05
2.200000e+00 1.768559e-01 3.150747e-01 9.120083e+02 7.480395e-01 8.51712633179083932191e+05
2.210000e+00 1.768690e-01 3.179252e-01 9.161524e+02 -2.529922e-01 8.51712633179083932191e+05
2.220000e+00 1.768295e-01 3.207599e-01 9.202965e+02 -1.242759e+00 8.51712633179084048606e+05
2.230000e+00 1.767390e-01 3.235163e-01 9.244407e+02 -2.177151e+00 8.51712633179084048606e+05
2.240000e+00 1.766017e-01 3.261356e-01 9.285850e+02 -3.014393e+00 8.51712633179084048606e+05
2.250000e+00 1.764237e-01 3.285645e-01 9.327295e+02 -3.716817e+00 8.51712633179084048606e+05
2.260000e+00 1.762129e-01 3.307579e-01 9.368743e+02 -4.252522e+00 8.51712633179084165022e+05
2.270000e+00 1.759789e-01 3.326811e-01 9.410193e+02 -4.596812e+00 8.51712633179084165022e+05
2.280000e+00 1.757322e-01 3.343109e-01 9.451646e+02 -4.733386e+00 8.51712633179084281437e+05
2.290000e+00 1.754839e-01 3.356374e-01 9.493102e+02 -4.655194e+00 8.51712633179084397852e+05
2.300000e+00 1.752453e-01 3.366645e-01 9.534561e+02 -4.364910e+00 8.51712633179084630683e+05
2.310000e+00 1.750274e-01 3.374095e-01 9.576023e+02 -3.874964e+00 8.51712633179084630683e+05
2.320000e+00 1.748400e-01 3.379034e-01 9.617487e+02 -3.207121e+00 8.51712633179084747098e+05
2.330000e+00 1.746920e-01 3.381887e-01 9.658953e+02 -2.391577e+00 8.51712633179084747098e+05
2.340000e+00 1.745900e-01 3.383181e-01 9.700421e+02 -1.465617e+00 8.51712633179084747098e+05
2.350000e+00 1.745387e-01 3.383518e-01 9.741889e+02 -4.718752e-01 8.51712633179084747098e+05
2.360000e+00 1.745406e-01 3.383546e-01 9.783358e+02 5.437092e-01 8.51712633179084863514e+05
2.370000e+00 1.745956e-01 3.383929e-01 9.824827e+02 1.534127e+00 8.51712633179084747098e+05
2.380000e+00 1.747010e-01 3.385315e-01 9.866295e+02 2.453601e+00 8.51712633179084863514e+05
2.390000e+00 1.748521e-01 3.388300e-01 9.907761e+02 3.259813e+00 8.51712633179084863514e+05
2.400000e+00 1.750419e-01 3.393404e-01 9.949225e+02 3.915928e+00 8.51712633179084979929e+05
2.410000e+00 1.752617e-01 3.401046e-01 9.990686e+02 4.392308e+00 8.51712633179084979929e+05
2.420000e+00 1.755013e-01 3.411525e-01 1.003214e+03 4.667829e+00 8.51712633179084979929e+05
2.430000e+00 1.757499e-01 3.425006e-01 1.007360e+03 4.730743e+00 8.51712633179084979929e+05
2.440000e+00 1.759961e-01 3.441518e-01 1.011505e+03 4.579075e+00 8.51712633179085329175e+05
2.450000e+00 1.762288e-01 3.460950e-01 1.015650e+03 4.220552e+00 8.51712633179085329175e+05
2.460000e+00 1.764375e-01 3.483065e-01 1.019795e+03 3.672102e+00 8.51712633179085445590e+05
2.470000e+00 1.766129e-01 3.507505e-01 1.023940e+03 2.958976e+00 8.51712633179085445590e+05
2.480000e+00 1.767470e-01 3.533813e-01 1.028084e+03 2.113536e+00 8.51712633179085445590e+05
2.490000e+00 1.768340e-01 3.561453e-01 1.032228e+03 1.173796e+00 8.51712633179085445590e+05
2.500000e+00 1.768698e-01 3.589831e-01 1.036372e+03 1.817582e-01 8.51712633179085562006e+05
2.510000e+00 1.768530e-01 3.618324e-01 1.040516e+03 -8.183723e-01 8.51712633179085562006e+05
2.520000e+00 1.767842e-01 3.646302e-01 1.044660e+03 -1.782053e+00 8.51712633179085678421e+05
2.530000e+00 1.766666e-01 3.673158e-01 1.048805e+03 -2.666271e+00 8.51712633179085678421e+05
2.540000e+00 1.765053e-01 3.698332e-01 1.052949e+03 -3.431370e+00 8.51712633179085562006e+05
2.550000e+00 1.763077e-01 3.721335e-01 1.057094e+03 -4.042760e+00 8.51712633179085678421e+05
2.560000e+00 1.760825e-01 3.741773e-01 1.061239e+03 -4.472461e+00 8.51712633179085678421e+05
2.570000e+00 1.758399e-01 3.759361e-01 1.065384e+03 -4.700412e+00 8.51712633179085678421e+05
2.580000e+00 1.755908e-01 3.773944e-01 1.069529e+03 -4.715475e+00 8.51712633179085794836e+05
2.590000e+00 1.753467e-01 3.785498e-01 1.073675e+03 -4.516082e+00 8.51712633179086027667e+05
2.600000e+00 1.751185e-01 3.794139e-01 1.077821e+03 -4.110462e+00 8.51712633179086144082e+05
2.610000e+00 1.749168e-01 3.800120e-01 1.081967e+03 -3.516421e+00 8.51712633179086144082e+05
2.620000e+00 1.747508e-01 3.803817e-01 1.086114e+03 -2.760644e+00 8.51712633179086260498e+05
2.630000e+00 1.746281e-01 3.805716e-01 1.090261e+03 -1.877537e+00 8.51712633179086260498e+05
2.640000e+00 1.745545e-01 3.806390e-01 1.094407e+03 -9.076528e-01 8.51712633179086260498e+05
2.650000e+00 1.745332e-01 3.806470e-01 1.098554e+03 1.042335e-01 8.51712633179086260498e+05
2.660000e+00 1.745654e-01 3.806619e-01 1.102701e+03 1.111294e+00 8.51712633179086260498e+05
2.670000e+00 1.746494e-01 3.807493e-01 1.106848e+03 2.066939e+00 8.51712633179086376913e+05
2.680000e+00 1.747815e-01 3.809716e-01 1.110995e+03 2.927087e+00 8.51712633179086260498e+05
2.690000e+00 1.749555e-01 3.813845e-01 1.115141e+03 3.652298e+00 8.51712633179086376913e+05
2.700000e+00 1.751635e-01 3.820344e-01 1.119288e+03 4.209632e+00 8.51712633179086493328e+05
2.710000e+00 1.753958e-01 3.829566e-01 1.123434e+03 4.574144e+00 8.51712633179086493328e+05
2.720000e+00 1.756418e-01 3.841736e-01 1.127579e+03 4.729949e+00 8.51712633179086493328e+05
2.730000e+00 1.758905e-01 3.856940e-01 1.131725e+03 4.670822e+00 8.51712633179086609744e+05
2.740000e+00 1.761304e-01 3.875130e-01 1.135870e+03 4.400325e+00 8.51712633179086726159e+05
2.750000e+00 1.763507e-01 3.896120e-01 1.140015e+03 3.931490e+00 8.51712633179086842574e+05
2.760000e+00 1.765416e-01 3.919604e-01 1.144159e+03 3.286092e+00 8.51712633179086958990e+05
2.770000e+00 1.766944e-01 3.945164e-01 1.148304e+03 2.493580e+00 8.51712633179086958990e+05
2.780000e+00 1.768024e-01 3.972298e-01 1.152448e+03 1.589716e+00 8.51712633179086958990e+05
2.790000e+00 1.768607e-01 4.000432e-01 1.156592e+03 6.149865e-01 8.51712633179086958990e+05
2.800000e+00 1.768668e-01 4.028953e-01 1.160736e+03 -3.871305e-01 8.51712633179087075405e+05
2.810000e+00 1.768202e-01 4.057230e-01 1.164880e+03 -1.372009e+00 8.51712633179086958990e+05
2.820000e+00 1.767232e-01 4.084644e-01 1.169024e+03 -2.295745e+00 8.51712633179087075405e+05
2.830000e+00 1.765801e-01 4.110611e-01 1.173169e+03 -3.117011e+00 8.51712633179086958990e+05
2.840000e+00 1.763972e-01 4.134609e-01 1.177313e+03 -3.798822e+00 8.51712633179087075405e+05
2.850000e+00 1.761827e-01 4.156199e-01 1.181458e+03 -4.310159e+00 8.51712633179087075405e+05
2.860000e+00 1.759464e-01 4.175048e-01 1.185603e+03 -4.627390e+00 8.51712633179087191820e+05
2.870000e+00 1.756988e-01 4.190943e-01 1.189748e+03 -4.735411e+00 8.51712633179087191820e+05
2.880000e+00 1.754511e-01 4.203803e-01 1.193894e+03 -4.628455e+00 8.51712633179087773897e+05
2.890000e+00 1.752147e-01 4.213682e-01 1.198040e+03 -4.310509e+00 8.51712633179087773897e+05
2.900000e+00 1.750003e-01 4.220776e-01 1.202186e+03 -3.795290e+00 8.51712633179087890312e+05
2.910000e+00 1.748178e-01 4.225409e-01 1.206333e+03 -3.105752e+00 8.51712633179087890312e+05
2.920000e+00 1.746755e-01 4.228020e-01 1.210479e+03 -2.273128e+00 8.51712633179088006727e+05
2.930000e+00 1.745801e-01 4.229150e-01 1.214626e+03 -1.335527e+00 8.51712633179088006727e+05
2.940000e+00 1.745359e-01 4.229407e-01 1.218773e+03 -3.361503e-01 8.51712633179087890312e+05
2.950000e+00 1.745449e-01 4.229444e-01 1.222920e+03 6.787869e-01 8.51712633179088006727e+05
2.960000e+00 1.746068e-01 4.229925e-01 1.227067e+03 1.662308e+00 8.51712633179088006727e+05
2.970000e+00 1.747188e-01 4.231492e-01 1.231213e+03 2.568971e+00 8.51712633179088006727e+05
2.980000e+00 1.748755e-01 4.234732e-01 1.235360e+03 3.357083e+00 8.51712633179088006727e+05
2.990000e+00 1.750698e-01 4.240154e-01 1.239506e+03 3.990678e+00 8.51712633179088123143e+05
3.000000e+00 1.752928e-01 4.248162e-01 1.243652e+03 4.441195e+00 8.51712633179088123143e+05
3.010000e+00 1.755343e-01 4.259036e-01 1.247798e+03 4.688722e+00 8.51712633179088239558e+05
3.020000e+00 1.757832e-01 4.272924e-01 1.251944e+03 4.722808e+00 8.51712633179088239558e+05
3.030000e+00 1.760283e-01 4.289836e-01 1.256089e+03 4.542790e+00 8.51712633179088355973e+05
3.040000e+00 1.762584e-01 4.309644e-01 1.260234e+03 4.157666e+00 8.51712633179088472389e+05
3.050000e+00 1.764631e-01 4.332093e-01 1.264379e+03 3.585537e+00 8.51712633179088588804e+05
3.060000e+00 1.766334e-01 4.356812e-01 1.268523e+03 2.852681e+00 8.51712633179088588804e+05
3.070000e+00 1.767615e-01 4.383331e-01 1.272667e+03 1.992308e+00 8.51712633179088588804e+05
3.080000e+00 1.768418e-01 4.411105e-01 1.276812e+03 1.043064e+00 8.51712633179088588804e+05
3.090000e+00 1.768706e-01 4.439535e-01 1.280956e+03 4.735349e-02 8.51712633179088588804e+05
3.100000e+00 1.768468e-01 4.467995e-01 1.285100e+03 -9.504652e-01 8.51712633179088705219e+05
3.110000e+00 1.767712e-01 4.495858e-01 1.289244e+03 -1.905946e+00 8.51712633179088705219e+05
3.120000e+00 1.766474e-01 4.522519e-01 1.293388e+03 -2.776422e+00 8.51712633179088705219e+05
3.130000e+00 1.764808e-01 4.547429e-01 1.297533e+03 -3.522819e+00 8.51712633179088705219e+05
3.140000e+00 1.762789e-01 4.570110e-01 1.301677e+03 -4.111346e+00 8.51712633179088705219e+05
3.150000e+00 1.760508e-01 4.590180e-01 1.305822e+03 -4.515014e+00 8.51712633179088821635e+05
3.160000e+00 1.758067e-01 4.607372e-01 1.309968e+03 -4.714905e+00 8.51712633179088821635e+05
3.170000e+00 1.755576e-01 4.621547e-01 1.314113e+03 -4.701135e+00 8.51712633179088938050e+05
3.180000e+00 1.753150e-01 4.632701e-01 1.318259e+03 -4.473441e+00 8.51712633179089170881e+05
3.190000e+00 1.750898e-01 4.640969e-01 1.322405e+03 -4.041361e+00 8.51712633179089170881e+05
3.200000e+00 1.748923e-01 4.646620e-01 1.326551e+03 -3.423937e+00 8.51712633179089170881e+05
3.210000e+00 1.747317e-01 4.650046e-01 1.330698e+03 -2.648966e+00 8.51712633179089287296e+05
3.220000e+00 1.746153e-01 4.651746e-01 1.334845e+03 -1.751777e+00 8.51712633179089403711e+05
3.230000e+00 1.745485e-01 4.652303e-01 1.338991e+03 -7.736060e-01 8.51712633179089287296e+05
3.240000e+00 1.745344e-01 4.652354e-01 1.343138e+03 2.403677e-01 8.51712633179089403711e+05
3.250000e+00 1.745737e-01 4.652562e-01 1.347285e+03 1.243214e+00 8.51712633179089403711e+05
3.260000e+00 1.746644e-01 4.653582e-01 1.351432e+03 2.188549e+00 8.51712633179089520127e+05
3.270000e+00 1.748025e-01 4.656030e-01 1.355579e+03 3.032794e+00 8.51712633179089520127e+05
3.280000e+00 1.749816e-01 4.660451e-01 1.359725e+03 3.737279e+00 8.51712633179089520127e+05
3.290000e+00 1.751934e-01 4.667297e-01 1.363871e+03 4.270055e+00 8.51712633179089520127e+05
3.300000e+00 1.754282e-01 4.676903e-01 1.368017e+03 4.607340e+00 8.51712633179089636542e+05
3.310000e+00 1.756752e-01 4.689477e-01 1.372163e+03 4.734516e+00 8.51712633179089636542e+05
3.320000e+00 1.759233e-01 4.705087e-01 1.376308e+03 4.646673e+00 8.51712633179089752957e+05
3.330000e+00 1.761612e-01 4.723665e-01 1.380453e+03 4.348667e+00 8.51712633179089869373e+05
3.340000e+00 1.763782e-01 4.745010e-01 1.384598e+03 3.854751e+00 8.51712633179089869373e+05
3.350000e+00 1.765644e-01 4.768797e-01 1.388743e+03 3.187797e+00 8.51712633179089985788e+05
3.360000e+00 1.767116e-01 4.794600e-01 1.392887e+03 2.378185e+00 8.51712633179090102203e+05
3.370000e+00 1.768132e-01 4.821902e-01 1.397031e+03 1.462402e+00 8.51712633179090102203e+05
3.380000e+00 1.768646e-01 4.850124e-01 1.401175e+03 4.814410e-01 8.51712633179090102203e+05
3.390000e+00 1.768636e-01 4.878648e-01 1.405320e+03 -5.209589e-01 8.51712633179090102203e+05
3.400000e+00 1.768101e-01 4.906845e-01 1.409464e+03 -1.500159e+00 8.51712633179090102203e+05
3.410000e+00 1.767066e-01 4.934098e-01 1.413608e+03 -2.412496e+00 8.51712633179090218619e+05
3.420000e+00 1.765578e-01 4.959830e-01 1.417752e+03 -3.217122e+00 8.51712633179090218619e+05
3.430000e+00 1.763701e-01 4.983529e-01 1.421897e+03 -3.877760e+00 8.51712633179090335034e+05
3.440000e+00 1.761521e-01 5.004770e-01 1.426042e+03 -4.364305e+00 8.51712633179090335034e+05
3.450000e+00 1.759136e-01 5.023233e-01 1.430187e+03 -4.654206e+00 8.51712633179090451449e+05
3.460000e+00 1.756654e-01 5.038723e-01 1.434332e+03 -4.733569e+00 8.51712633179090451449e+05
3.470000e+00 1.754186e-01 5.051177e-01 1.438478e+03 -4.597920e+00 8.51712633179090684280e+05
3.480000e+00 1.751845e-01 5.060670e-01 1.442624e+03 -4.252560e+00 8.51712633179090800695e+05
3.490000e+00 1.749738e-01 5.067413e-01 1.446770e+03 -3.712479e+00 8.51712633179090800695e+05
3.500000e+00 1.747962e-01 5.071747e-01 1.450916e+03 -3.001807e+00 8.51712633179090800695e+05
3.510000e+00 1.746599e-01 5.074127e-01 1.455063e+03 -2.152789e+00 8.51712633179090917110e+05
3.520000e+00 1.745711e-01 5.075103e-01 1.459210e+03 -1.204325e+00 8.51712633179090917110e+05
3.530000e+00 1.745340e-01 5.075292e-01 1.463357e+03 -2.001453e-01 8.51712633179090917110e+05
3.540000e+00 1.745502e-01 5.075351e-01 1.467504e+03 8.132992e-01 8.51712633179090917110e+05
3.550000e+00 1.746190e-01 5.075941e-01 1.471651e+03 1.789105e+00 8.51712633179091033526e+05
3.560000e+00 1.747373e-01 5.077698e-01 1.475797e+03 2.682208e+00 8.51712633179090917110e+05
3.570000e+00 1.748995e-01 5.081204e-01 1.479944e+03 3.451572e+00 8.51712633179091033526e+05
3.580000e+00 1.750982e-01 5.086951e-01 1.484090e+03 4.062135e+00 8.51712633179091033526e+05
3.590000e+00 1.753243e-01 5.095329e-01 1.488236e+03 4.486429e+00 8.51712633179091033526e+05
3.600000e+00 1.755674e-01 5.106601e-01 1.492382e+03 4.705775e+00 8.51712633179091149941e+05
3.610000e+00 1.758165e-01 5.120897e-01 1.496528e+03 4.711021e+00 8.51712633179091149941e+05
3.620000e+00 1.760602e-01 5.138206e-01 1.500673e+03 4.502816e+00 8.51712633179091382772e+05
3.630000e+00 1.762875e-01 5.158386e-01 1.504818e+03 4.091417e+00 8.51712633179091382772e+05
3.640000e+00 1.764881e-01 5.181162e-01 1.508962e+03 3.496081e+00 8.51712633179091499187e+05
3.650000e+00 1.766531e-01 5.206151e-01 1.513107e+03 2.744093e+00 8.51712633179091499187e+05
3.660000e+00 1.767751e-01 5.232871e-01 1.517251e+03 1.869481e+00 8.51712633179091499187e+05
3.670000e+00 1.768487e-01 5.260769e-01 1.521395e+03 9.114962e-01 8.51712633179091615602e+05
3.680000e+00 1.768705e-01 5.289240e-01 1.525539e+03 -8.708919e-02 8.51712633179091615602e+05
3.690000e+00 1.768396e-01 5.317656e-01 1.529683e+03 -1.081797e+00 8.51712633179091615602e+05
3.700000e+00 1.767573e-01 5.345391e-01 1.533828e+03 -2.028311e+00 8.51712633179091615602e+05
3.710000e+00 1.766274e-01 5.371849e-01 1.537972e+03 -2.884342e+00 8.51712633179091732018e+05
3.720000e+00 1.764556e-01 5.396486e-01 1.542116e+03 -3.611428e+00 8.51712633179091732018e+05
3.730000e+00 1.762497e-01 5.418837e-01 1.546261e+03 -4.176606e+00 8.51712633179091732018e+05
3.740000e+00 1.760188e-01 5.438535e-01 1.550406e+03 -4.553901e+00 8.51712633179091848433e+05
3.750000e+00 1.757734e-01 5.455328e-01 1.554551e+03 -4.725555e+00 8.51712633179091848433e+05
3.760000e+00 1.755245e-01 5.469096e-01 1.558697e+03 -4.682945e+00 8.51712633179091964848e+05
3.770000e+00 1.752836e-01 5.479853e-01 1.562843e+03 -4.427124e+00 8.51712633179092197679e+05
3.780000e+00 1.750615e-01 5.487752e-01 1.566989e+03 -3.968924e+00 8.51712633179092197679e+05
3.790000e+00 1.748685e-01 5.493080e-01 1.571135e+03 -3.328618e+00 8.51712633179092314094e+05
3.800000e+00 1.747134e-01 5.496244e-01 1.575282e+03 -2.535089e+00 8.51712633179092197679e+05
3.810000e+00 1.746034e-01 5.497755e-01 1.579429e+03 -1.624560e+00 8.51712633179092314094e+05
3.820000e+00 1.745435e-01 5.498206e-01 1.583575e+03 -6.389149e-01 8.51712633179092314094e+05
3.830000e+00 1.745366e-01 5.498240e-01 1.587722e+03 3.763016e-01 8.51712633179092314094e+05
3.840000e+00 1.745829e-01 5.498519e-01 1.591869e+03 1.374099e+00 8.51712633179092430510e+05
3.850000e+00 1.746803e-01 5.499696e-01 1.596016e+03 2.308340e+00 8.51712633179092430510e+05
3.860000e+00 1.748243e-01 5.502378e-01 1.600163e+03 3.135986e+00 8.51712633179092430510e+05
3.870000e+00 1.750082e-01 5.507100e-01 1.604309e+03 3.819170e+00 8.51712633179092546925e+05
3.880000e+00 1.752237e-01 5.514299e-01 1.608455e+03 4.326961e+00 8.51712633179092546925e+05
3.890000e+00 1.754608e-01 5.524294e-01 1.612601e+03 4.636755e+00 8.51712633179092546925e+05
3.900000e+00 1.757086e-01 5.537273e-01 1.616747e+03 4.735215e+00 8.51712633179092663340e+05
3.910000e+00 1.759560e-01 5.553288e-01 1.620892e+03 4.618743e+00 8.51712633179092779756e+05
3.920000e+00 1.761917e-01 5.572250e-01 1.625037e+03 4.293485e+00 8.51712633179093012586e+05
3.930000e+00 1.764051e-01 5.593943e-01 1.629182e+03 3.774900e+00 8.51712633179093012586e+05
3.940000e+00 1.765866e-01 5.618028e-01 1.633326e+03 3.086937e+00 8.51712633179093012586e+05
3.950000e+00 1.767280e-01 5.644062e-01 1.637471e+03 2.260879e+00 8.51712633179093129002e+05
3.960000e+00 1.768231e-01 5.671522e-01 1.641615e+03 1.333915e+00 8.51712633179093129002e+05
3.970000e+00 1.768675e-01 5.699821e-01 1.645759e+03 3.475098e-01 8.51712633179093129002e+05
3.980000e+00 1.768594e-01 5.728338e-01 1.649903e+03 -6.543700e-01 8.51712633179093245417e+05
3.990000e+00 1.767991e-01 5.756444e-01 1.654047e+03 -1.627107e+00 8.51712633179093245417e+05
4.000000e+00 1.766892e-01 5.783526e-01 1.658192e+03 -2.527310e+00 8.51712633179093129002e+05
4.010000e+00 1.765347e-01 5.809013e-01 1.662336e+03 -3.314642e+00 8.51712633179093245417e+05
4.020000e+00 1.763425e-01 5.832406e-01 1.666481e+03 -3.953567e+00 8.51712633179093245417e+05
4.030000e+00 1.761212e-01 5.853290e-01 1.670625e+03 -4.414914e+00 8.51712633179093245417e+05
4.040000e+00 1.758807e-01 5.871364e-01 1.674770e+03 -4.677234e+00 8.51712633179093361832e+05
4.050000e+00 1.756320e-01 5.886449e-01 1.678916e+03 -4.727859e+00 8.51712633179093361832e+05
4.060000e+00 1.753862e-01 5.898499e-01 1.683062e+03 -4.563612e+00 8.51712633179093594663e+05
4.070000e+00 1.751547e-01 5.907608e-01 1.687208e+03 -4.191106e+00 8.51712633179093594663e+05
4.080000e+00 1.749479e-01 5.914006e-01 1.691354e+03 -3.626599e+00 8.51712633179093711078e+05
4.090000e+00 1.747754e-01 5.918050e-01 1.695500e+03 -2.895374e+00 8.51712633179093711078e+05
4.100000e+00 1.746451e-01 5.920208e-01 1.699647e+03 -2.030660e+00 8.51712633179093827493e+05
4.110000e+00 1.745631e-01 5.921042e-01 1.703794e+03 -1.072120e+00 8.51712633179093827493e+05
4.120000e+00 1.745330e-01 5.921175e-01 1.707941e+03 -6.397365e-02 8.51712633179093827493e+05
4.130000e+00 1.745564e-01 5.921267e-01 1.712088e+03 9.471342e-01 8.51712633179093827493e+05
4.140000e+00 1.746321e-01 5.921977e-01 1.716235e+03 1.914414e+00 8.51712633179093943909e+05
4.150000e+00 1.747566e-01 5.923937e-01 1.720381e+03 2.793219e+00 8.51712633179093943909e+05
4.160000e+00 1.749242e-01 5.927716e-01 1.724528e+03 3.543204e+00 8.51712633179093943909e+05
4.170000e+00 1.751271e-01 5.933795e-01 1.728674e+03 4.130241e+00 8.51712633179093943909e+05
4.180000e+00 1.753561e-01 5.942548e-01 1.732820e+03 4.527977e+00 8.51712633179093943909e+05
4.190000e+00 1.756007e-01 5.954221e-01 1.736966e+03 4.718976e+00 8.51712633179094060324e+05
4.200000e+00 1.758497e-01 5.968923e-01 1.741111e+03 4.695394e+00 8.51712633179094176739e+05
4.210000e+00 1.760918e-01 5.986628e-01 1.745256e+03 4.459187e+00 8.51712633179094409570e+05
4.220000e+00 1.763161e-01 6.007174e-01 1.749401e+03 4.021859e+00 8.51712633179094409570e+05
4.230000e+00 1.765125e-01 6.030271e-01 1.753546e+03 3.403807e+00 8.51712633179094409570e+05
4.240000e+00 1.766721e-01 6.055521e-01 1.757690e+03 2.633299e+00 8.51712633179094525985e+05
4.250000e+00 1.767879e-01 6.082433e-01 1.761835e+03 1.745155e+00 8.51712633179094525985e+05
4.260000e+00 1.768547e-01 6.110443e-01 1.765979e+03 7.791985e-01 8.51712633179094525985e+05
4.270000e+00 1.768694e-01 6.138943e-01 1.770123e+03 -2.214621e-01 8.51712633179094642401e+05
4.280000e+00 1.768315e-01 6.167304e-01 1.774267e+03 -1.212262e+00 8.51712633179094642401e+05
4.290000e+00 1.767426e-01 6.194902e-01 1.778411e+03 -2.149048e+00 8.51712633179094642401e+05
4.300000e+00 1.766067e-01 6.221146e-01 1.782556e+03 -2.989943e+00 8.51712633179094642401e+05
4.310000e+00 1.764298e-01 6.245502e-01 1.786700e+03 -3.697125e+00 8.51712633179094758816e+05
4.320000e+00 1.762200e-01 6.267517e-01 1.790845e+03 -4.238488e+00 8.51712633179094758816e+05
4.330000e+00 1.759865e-01 6.286838e-01 1.794990e+03 -4.589089e+00 8.51712633179094758816e+05
4.340000e+00 1.757400e-01 6.303230e-01 1.799135e+03 -4.732350e+00 8.51712633179094875231e+05
4.350000e+00 1.754916e-01 6.316591e-01 1.803281e+03 -4.660921e+00 8.51712633179095108062e+05
4.360000e+00 1.752525e-01 6.326954e-01 1.807427e+03 -4.377165e+00 8.51712633179095108062e+05
4.370000e+00 1.750338e-01 6.334489e-01 1.811573e+03 -3.893211e+00 8.51712633179095224477e+05
4.380000e+00 1.748454e-01 6.339501e-01 1.815719e+03 -3.230542e+00 8.51712633179095224477e+05
4.390000e+00 1.746960e-01 6.342412e-01 1.819866e+03 -2.419106e+00 8.51712633179095340893e+05
4.400000e+00 1.745924e-01 6.343746e-01 1.824012e+03 -1.495991e+00 8.51712633179095340893e+05
4.410000e+00 1.745395e-01 6.344103e-01 1.828159e+03 -5.036917e-01 8.51712633179095340893e+05
4.420000e+00 1.745397e-01 6.344131e-01 1.832306e+03 5.119222e-01 8.51712633179095340893e+05
4.430000e+00 1.745930e-01 6.344493e-01 1.836453e+03 1.503841e+00 8.51712633179095457308e+05
4.440000e+00 1.746970e-01 6.345838e-01 1.840600e+03 2.426213e+00 8.51712633179095457308e+05
4.450000e+00 1.748468e-01 6.348764e-01 1.844746e+03 3.236579e+00 8.51712633179095457308e+05
4.460000e+00 1.750355e-01 6.353794e-01 1.848893e+03 3.897905e+00 8.51712633179095457308e+05
4.470000e+00 1.752544e-01 6.361352e-01 1.853039e+03 4.380304e+00 8.51712633179095573723e+05
4.480000e+00 1.754936e-01 6.371738e-01 1.857185e+03 4.662368e+00 8.51712633179095573723e+05
4.490000e+00 1.757420e-01 6.385124e-01 1.861331e+03 4.732047e+00 8.51712633179095690139e+05
4.500000e+00 1.759885e-01 6.401541e-01 1.865476e+03 4.587057e+00 8.51712633179095922969e+05
4.510000e+00 1.762218e-01 6.420885e-01 1.869621e+03 4.234825e+00 8.51712633179096039385e+05
4.520000e+00 1.764314e-01 6.442920e-01 1.873766e+03 3.692002e+00 8.51712633179095922969e+05
4.530000e+00 1.766080e-01 6.467293e-01 1.877910e+03 2.983593e+00 8.51712633179096039385e+05
4.540000e+00 1.767435e-01 6.493550e-01 1.882054e+03 2.141759e+00 8.51712633179096039385e+05
4.550000e+00 1.768320e-01 6.521157e-01 1.886199e+03 1.204360e+00 8.51712633179096039385e+05
4.560000e+00 1.768695e-01 6.549522e-01 1.890343e+03 2.133004e-01 8.51712633179096155800e+05
4.570000e+00 1.768543e-01 6.578021e-01 1.894487e+03 -7.872570e-01 8.51712633179096155800e+05
4.580000e+00 1.767871e-01 6.606024e-01 1.898631e+03 -1.752751e+00 8.51712633179096155800e+05
4.590000e+00 1.766710e-01 6.632924e-01 1.902775e+03 -2.640093e+00 8.51712633179096155800e+05
4.600000e+00 1.765110e-01 6.658159e-01 1.906920e+03 -3.409494e+00 8.51712633179096155800e+05
4.610000e+00 1.763143e-01 6.681237e-01 1.911064e+03 -4.026180e+00 8.51712633179096272215e+05
4.620000e+00 1.760899e-01 6.701760e-01 1.915209e+03 -4.461942e+00 8.51712633179096272215e+05
4.630000e+00 1.758477e-01 6.719441e-01 1.919354e+03 -4.696453e+00 8.51712633179096272215e+05
4.640000e+00 1.755987e-01 6.734119e-01 1.923500e+03 -4.718284e+00 8.51712633179096388631e+05
4.650000e+00 1.753542e-01 6.745767e-01 1.927645e+03 -4.525558e+00 8.51712633179096505046e+05
4.660000e+00 1.751254e-01 6.754497e-01 1.931791e+03 -4.126199e+00 8.51712633179096621461e+05
4.670000e+00 1.749227e-01 6.760557e-01 1.935938e+03 -3.537719e+00 8.51712633179096737877e+05
4.680000e+00 1.747554e-01 6.764319e-01 1.940084e+03 -2.786538e+00 8.51712633179096854292e+05
4.690000e+00 1.746313e-01 6.766266e-01 1.944231e+03 -1.906844e+00 8.51712633179096854292e+05
4.700000e+00 1.745560e-01 6.766968e-01 1.948378e+03 -9.390226e-01 8.51712633179096854292e+05
4.710000e+00 1.745331e-01 6.767058e-01 1.952525e+03 7.225132e-02 8.51712633179096854292e+05
4.720000e+00 1.745635e-01 6.767194e-01 1.956672e+03 1.080181e+00 8.51712633179096970707e+05
4.730000e+00 1.746460e-01 6.768036e-01 1.960818e+03 2.038131e+00 8.51712633179096970707e+05
4.740000e+00 1.747767e-01 6.770208e-01 1.964965e+03 2.901911e+00 8.51712633179096970707e+05
4.750000e+00 1.749495e-01 6.774269e-01 1.969112e+03 3.631904e+00 8.51712633179096970707e+05
4.760000e+00 1.751565e-01 6.780688e-01 1.973258e+03 4.194940e+00 8.51712633179096970707e+05
4.770000e+00 1.753882e-01 6.789820e-01 1.977404e+03 4.565805e+00 8.51712633179096970707e+05
4.780000e+00 1.756340e-01 6.801895e-01 1.981550e+03 4.728317e+00 8.51712633179097087122e+05
4.790000e+00 1.758827e-01 6.817004e-01 1.985695e+03 4.675943e+00 8.51712633179097203538e+05
4.800000e+00 1.761231e-01 6.835102e-01 1.989840e+03 4.411940e+00 8.51712633179097319953e+05
4.810000e+00 1.763442e-01 6.856008e-01 1.993985e+03 3.949051e+00 8.51712633179097436368e+05
4.820000e+00 1.765361e-01 6.879419e-01 1.998130e+03 3.308792e+00 8.51712633179097436368e+05
4.830000e+00 1.766903e-01 6.904922e-01 2.002274e+03 2.520390e+00 8.51712633179097552784e+05
4.840000e+00 1.767998e-01 6.932014e-01 2.006418e+03 1.619429e+00 8.51712633179097552784e+05
4.850000e+00 1.768597e-01 6.960126e-01 2.010562e+03 6.462766e-01 8.51712633179097436368e+05
4.860000e+00 1.768674e-01 6.988644e-01 2.014706e+03 -3.556577e-01 8.51712633179097552784e+05
4.870000e+00 1.768225e-01 7.016939e-01 2.018851e+03 -1.341755e+00 8.51712633179097552784e+05
4.880000e+00 1.767270e-01 7.044389e-01 2.022995e+03 -2.268061e+00 8.51712633179097552784e+05
4.890000e+00 1.765852e-01 7.070410e-01 2.027139e+03 -3.093138e+00 8.51712633179097669199e+05
4.900000e+00 1.764035e-01 7.094476e-01 2.031284e+03 -3.779840e+00 8.51712633179097669199e+05
4.910000e+00 1.761899e-01 7.116148e-01 2.035428e+03 -4.296938e+00 8.51712633179097669199e+05
4.920000e+00 1.759540e-01 7.135088e-01 2.039573e+03 -4.620548e+00 8.51712633179097669199e+05
4.930000e+00 1.757066e-01 7.151078e-01 2.043719e+03 -4.735283e+00 8.51712633179097785614e+05
4.940000e+00 1.754588e-01 7.164032e-01 2.047864e+03 -4.635076e+00 8.51712633179098134860e+05
4.950000e+00 1.752218e-01 7.174003e-01 2.052010e+03 -4.323604e+00 8.51712633179098251276e+05
4.960000e+00 1.750066e-01 7.181180e-01 2.056157e+03 -3.814283e+00 8.51712633179098367691e+05
4.970000e+00 1.748229e-01 7.185884e-01 2.060303e+03 -3.129789e+00 8.51712633179098484106e+05
4.980000e+00 1.746793e-01 7.188552e-01 2.064450e+03 -2.301114e+00 8.51712633179098367691e+05
4.990000e+00 1.745823e-01 7.189719e-01 2.068596e+03 -1.366177e+00 8.51712633179098484106e+05
5.000000e+00 1.745364e-01 7.189993e-01 2.072743e+03 -3.680489e-01 8.51712633179098484106e+05
