0.000000e+00 1.745329e-01 0.000000e+00 0.000000e+00 0.000000e+00 8.32232838732157950290e+05
1.000000e-02 1.745628e-01 1.618232e-05 4.146886e+00 8.456615e-01 8.32232838732157950290e+05
2.000000e-02 1.746501e-01 1.278778e-04 8.293679e+00 1.625077e+00 8.32232838732157950290e+05
3.000000e-02 1.747879e-01 4.228525e-04 1.244029e+01 2.277376e+00 8.32232838732158066705e+05
4.000000e-02 1.749655e-01 9.740886e-04 1.658665e+01 2.751941e+00 8.32232838732157950290e+05
5.000000e-02 1.751691e-01 1.834078e-03 2.073271e+01 3.012366e+00 8.32232838732158066705e+05
6.000000e-02 1.753829e-01 3.030905e-03 2.487843e+01 3.039174e+00 8.32232838732158183120e+05
7.000000e-02 1.755902e-01 4.566370e-03 2.902382e+01 2.831117e+00 8.32232838732158415951e+05
8.000000e-02 1.757751e-01 6.416215e-03 3.316890e+01 2.405018e+00 8.32232838732158415951e+05
9.000000e-02 1.759235e-01 8.532311e-03 3.731372e+01 1.794256e+00 8.32232838732158415951e+05
1.000000e-01 1.760238e-01 1.084656e-02 4.145834e+01 1.046061e+00 8.32232838732158532366e+05
1.100000e-01 1.760684e-01 1.327614e-02 4.560285e+01 2.178737e-01 8.32232838732158532366e+05
1.200000e-01 1.760540e-01 1.572972e-02 4.974734e+01 -6.269624e-01 8.32232838732158648781e+05
1.300000e-01 1.759815e-01 1.811422e-02 5.389189e+01 -1.423878e+00 8.32232838732158648781e+05
1.400000e-01 1.758567e-01 2.034161e-02 5.803660e+01 -2.111834e+00 8.32232838732158648781e+05
1.500000e-01 1.756889e-01 2.233553e-02 6.218154e+01 -2.637855e+00 8.32232838732158648781e+05
1.600000e-01 1.754912e-01 2.403700e-02 6.632677e+01 -2.961048e+00 8.32232838732158765197e+05
1.700000e-01 1.752787e-01 2.540913e-02 7.047232e+01 -3.055821e+00 8.32232838732158765197e+05
1.800000e-01 1.750678e-01 2.644018e-02 7.461821e+01 -2.914035e+00 8.32232838732158998027e+05
1.900000e-01 1.748749e-01 2.714484e-02 7.876442e+01 -2.545879e+00 8.32232838732158998027e+05
2.000000e-01 1.747151e-01 2.756343e-02 8.291091e+01 -1.979321e+00 8.32232838732159114443e+05
2.100000e-01 1.746008e-01 2.775904e-02 8.705762e+01 -1.258103e+00 8.32232838732159230858e+05
2.200000e-01 1.745408e-01 2.781264e-02 9.120447e+01 -4.383933e-01 8.32232838732159114443e+05
2.300000e-01 1.745400e-01 2.781670e-02 9.535136e+01 4.156712e-01 8.32232838732159230858e+05
2.400000e-01 1.745984e-01 2.786774e-02 9.949822e+01 1.237162e+00 8.32232838732159230858e+05
2.500000e-01 1.747114e-01 2.805842e-02 1.036449e+02 1.961795e+00 8.32232838732159230858e+05
2.600000e-01 1.748702e-01 2.847013e-02 1.077914e+02 2.533129e+00 8.32232838732159347273e+05
2.700000e-01 1.750623e-01 2.916649e-02 1.119376e+02 2.907039e+00 8.32232838732159347273e+05
2.800000e-01 1.752729e-01 3.018849e-02 1.160835e+02 3.055101e+00 8.32232838732159463689e+05
2.900000e-01 1.754856e-01 3.155152e-02 1.202291e+02 2.966639e+00 8.32232838732159580104e+05
3.000000e-01 1.756839e-01 3.324454e-02 1.243743e+02 2.649304e+00 8.32232838732159696519e+05
3.100000e-01 1.758527e-01 3.523131e-02 1.285193e+02 2.128244e+00 8.32232838732159696519e+05
3.200000e-01 1.759788e-01 3.745338e-02 1.326640e+02 1.443980e+00 8.32232838732159696519e+05
3.300000e-01 1.760528e-01 3.983477e-02 1.368086e+02 6.492132e-01 8.32232838732159696519e+05
3.400000e-01 1.760688e-01 4.228771e-02 1.409530e+02 -1.951757e-01 8.32232838732159812935e+05
3.500000e-01 1.760257e-01 4.471915e-02 1.450976e+02 -1.024650e+00 8.32232838732159812935e+05
3.600000e-01 1.759268e-01 4.703762e-02 1.492422e+02 -1.775772e+00 8.32232838732159812935e+05
3.700000e-01 1.757797e-01 4.915999e-02 1.533870e+02 -2.390885e+00 8.32232838732159812935e+05
3.800000e-01 1.755955e-01 5.101769e-02 1.575321e+02 -2.822433e+00 8.32232838732159929350e+05
3.900000e-01 1.753886e-01 5.256200e-02 1.616774e+02 -3.036627e+00 8.32232838732159929350e+05
4.000000e-01 1.751748e-01 5.376799e-02 1.658232e+02 -3.016174e+00 8.32232838732160045765e+05
4.100000e-01 1.749707e-01 5.463675e-02 1.699692e+02 -2.761832e+00 8.32232838732160162181e+05
4.200000e-01 1.747922e-01 5.519568e-02 1.741156e+02 -2.292598e+00 8.32232838732160395011e+05
4.300000e-01 1.746531e-01 5.549664e-02 1.782622e+02 -1.644456e+00 8.32232838732160278596e+05
4.400000e-01 1.745644e-01 5.561215e-02 1.824089e+02 -8.676862e-01 8.32232838732160395011e+05
4.500000e-01 1.745329e-01 5.562967e-02 1.865558e+02 -2.294790e-02 8.32232838732160395011e+05
4.600000e-01 1.745612e-01 5.564459e-02 1.907027e+02 8.235890e-01 8.32232838732160511427e+05
4.700000e-01 1.746470e-01 5.575253e-02 1.948495e+02 1.605608e+00 8.32232838732160511427e+05
4.800000e-01 1.747836e-01 5.604157e-02 1.989961e+02 2.262026e+00 8.32232838732160511427e+05
4.900000e-01 1.749604e-01 5.658515e-02 2.031425e+02 2.741895e+00 8.32232838732160511427e+05
5.000000e-01 1.751635e-01 5.743639e-02 2.072886e+02 3.008389e+00 8.32232838732160627842e+05
5.100000e-01 1.753772e-01 5.862406e-02 2.114343e+02 3.041552e+00 8.32232838732160627842e+05
5.200000e-01 1.755849e-01 6.015066e-02 2.155797e+02 2.839644e+00 8.32232838732160860673e+05
5.300000e-01 1.757706e-01 6.199261e-02 2.197248e+02 2.419018e+00 8.32232838732160977088e+05
5.400000e-01 1.759201e-01 6.410238e-02 2.238696e+02 1.812641e+00 8.32232838732160977088e+05
5.500000e-01 1.760218e-01 6.641235e-02 2.280142e+02 1.067414e+00 8.32232838732160977088e+05
5.600000e-01 1.760680e-01 6.884001e-02 2.321587e+02 2.405598e-01 8.32232838732161093503e+05
5.700000e-01 1.760551e-01 7.129417e-02 2.363032e+02 -6.046770e-01 8.32232838732160977088e+05
5.800000e-01 1.759842e-01 7.368170e-02 2.404478e+02 -1.403698e+00 8.32232838732161093503e+05
5.900000e-01 1.758606e-01 7.591437e-02 2.445925e+02 -2.095308e+00 8.32232838732161093503e+05
6.000000e-01 1.756939e-01 7.791539e-02 2.487374e+02 -2.626260e+00 8.32232838732161209919e+05
6.100000e-01 1.754967e-01 7.962528e-02 2.528826e+02 -2.955293e+00 8.32232838732161209919e+05
6.200000e-01 1.752844e-01 8.100650e-02 2.570282e+02 -3.056369e+00 8.32232838732161209919e+05
6.300000e-01 1.750733e-01 8.204661e-02 2.611741e+02 -2.920868e+00 8.32232838732161442749e+05
6.400000e-01 1.748797e-01 8.275959e-02 2.653203e+02 -2.558486e+00 8.32232838732161559165e+05
6.500000e-01 1.747188e-01 8.318512e-02 2.694667e+02 -1.996736e+00 8.32232838732161559165e+05
6.600000e-01 1.746031e-01 8.338571e-02 2.736134e+02 -1.278974e+00 8.32232838732161675580e+05
6.700000e-01 1.745417e-01 8.344194e-02 2.777603e+02 -4.610906e-01 8.32232838732161791995e+05
6.800000e-01 1.745393e-01 8.344608e-02 2.819072e+02 3.929256e-01 8.32232838732161675580e+05
6.900000e-01 1.745961e-01 8.349461e-02 2.860540e+02 1.216150e+00 8.32232838732161791995e+05
7.000000e-01 1.747077e-01 8.368043e-02 2.902008e+02 1.944159e+00 8.32232838732161791995e+05
7.100000e-01 1.748654e-01 8.408530e-02 2.943473e+02 2.520237e+00 8.32232838732161791995e+05
7.200000e-01 1.750569e-01 8.477340e-02 2.984935e+02 2.899879e+00 8.32232838732161791995e+05
7.300000e-01 1.752672e-01 8.578636e-02 3.026394e+02 3.054212e+00 8.32232838732161791995e+05
7.400000e-01 1.754800e-01 8.714028e-02 3.067850e+02 2.972065e+00 8.32232838732162024826e+05
7.500000e-01 1.756789e-01 8.882483e-02 3.109302e+02 2.660606e+00 8.32232838732162141241e+05
7.600000e-01 1.758487e-01 9.080440e-02 3.150752e+02 2.144536e+00 8.32232838732162257656e+05
7.700000e-01 1.759761e-01 9.302109e-02 3.192199e+02 1.464002e+00 8.32232838732162257656e+05
7.800000e-01 1.760515e-01 9.539933e-02 3.233644e+02 6.714282e-01 8.32232838732162257656e+05
7.900000e-01 1.760691e-01 9.785155e-02 3.275089e+02 -1.724669e-01 8.32232838732162374072e+05
8.000000e-01 1.760276e-01 1.002848e-01 3.316534e+02 -1.003183e+00 8.32232838732162257656e+05
8.100000e-01 1.759301e-01 1.026074e-01 3.357981e+02 -1.757191e+00 8.32232838732162257656e+05
8.200000e-01 1.757841e-01 1.047360e-01 3.399429e+02 -2.376619e+00 8.32232838732162374072e+05
8.300000e-01 1.756008e-01 1.066015e-01 3.440879e+02 -2.813592e+00 8.32232838732162490487e+05
8.400000e-01 1.753943e-01 1.081547e-01 3.482333e+02 -3.033910e+00 8.32232838732162490487e+05
8.500000e-01 1.751805e-01 1.093698e-01 3.523790e+02 -3.019814e+00 8.32232838732162606902e+05
8.600000e-01 1.749759e-01 1.102474e-01 3.565250e+02 -2.771568e+00 8.32232838732162723318e+05
8.700000e-01 1.747965e-01 1.108140e-01 3.606714e+02 -2.307691e+00 8.32232838732162839733e+05
8.800000e-01 1.746562e-01 1.111210e-01 3.648180e+02 -1.663741e+00 8.32232838732162839733e+05
8.900000e-01 1.745661e-01 1.112404e-01 3.689648e+02 -8.896619e-01 8.32232838732162839733e+05
9.000000e-01 1.745330e-01 1.112593e-01 3.731117e+02 -4.589451e-02 8.32232838732162956148e+05
9.100000e-01 1.745597e-01 1.112731e-01 3.772585e+02 8.014698e-01 8.32232838732162956148e+05
9.200000e-01 1.746440e-01 1.113773e-01 3.814053e+02 1.586047e+00 8.32232838732162956148e+05
9.300000e-01 1.747794e-01 1.116605e-01 3.855520e+02 2.246548e+00 8.32232838732163072564e+05
9.400000e-01 1.749552e-01 1.121964e-01 3.896983e+02 2.731696e+00 8.32232838732163072564e+05
9.500000e-01 1.751578e-01 1.130390e-01 3.938444e+02 3.004243e+00 8.32232838732163072564e+05
9.600000e-01 1.753715e-01 1.142175e-01 3.979902e+02 3.043760e+00 8.32232838732163188979e+05
9.700000e-01 1.755795e-01 1.157352e-01 4.021356e+02 2.848013e+00 8.32232838732163421810e+05
9.800000e-01 1.757661e-01 1.175692e-01 4.062807e+02 2.432884e+00 8.32232838732163421810e+05
9.900000e-01 1.759166e-01 1.196726e-01 4.104255e+02 1.830925e+00 8.32232838732163421810e+05
1.000000e+00 1.760197e-01 1.219782e-01 4.145701e+02 1.088708e+00 8.32232838732163538225e+05
1.010000e+00 1.760675e-01 1.244039e-01 4.187146e+02 2.632325e-01 8.32232838732163538225e+05
1.020000e+00 1.760562e-01 1.268586e-01 4.228591e+02 -5.823583e-01 8.32232838732163538225e+05
1.030000e+00 1.759868e-01 1.292491e-01 4.270037e+02 -1.383440e+00 8.32232838732163538225e+05
1.040000e+00 1.758645e-01 1.314870e-01 4.311484e+02 -2.078665e+00 8.32232838732163654640e+05
1.050000e+00 1.756988e-01 1.334950e-01 4.352933e+02 -2.614519e+00 8.32232838732163654640e+05
1.060000e+00 1.755023e-01 1.352133e-01 4.394385e+02 -2.949372e+00 8.32232838732163771056e+05
1.070000e+00 1.752901e-01 1.366036e-01 4.435840e+02 -3.056747e+00 8.32232838732163771056e+05
1.080000e+00 1.750788e-01 1.376528e-01 4.477299e+02 -2.927537e+00 8.32232838732164003886e+05
1.090000e+00 1.748846e-01 1.383741e-01 4.518761e+02 -2.570950e+00 8.32232838732164003886e+05
1.100000e+00 1.747226e-01 1.388067e-01 4.560226e+02 -2.014038e+00 8.32232838732164120302e+05
1.110000e+00 1.746056e-01 1.390123e-01 4.601693e+02 -1.299773e+00 8.32232838732164236717e+05
1.120000e+00 1.745426e-01 1.390712e-01 4.643161e+02 -4.837618e-01 8.32232838732164236717e+05
1.130000e+00 1.745386e-01 1.390755e-01 4.684630e+02 3.701578e-01 8.32232838732164236717e+05
1.140000e+00 1.745938e-01 1.391216e-01 4.726099e+02 1.195069e+00 8.32232838732164236717e+05
1.150000e+00 1.747041e-01 1.393026e-01 4.767566e+02 1.926412e+00 8.32232838732164236717e+05
1.160000e+00 1.748607e-01 1.397007e-01 4.809031e+02 2.507202e+00 8.32232838732164353132e+05
1.170000e+00 1.750514e-01 1.403805e-01 4.850493e+02 2.892557e+00 8.32232838732164353132e+05
1.180000e+00 1.752614e-01 1.413845e-01 4.891953e+02 3.053151e+00 8.32232838732164469548e+05
1.190000e+00 1.754744e-01 1.427293e-01 4.933408e+02 2.977325e+00 8.32232838732164585963e+05
1.200000e+00 1.756739e-01 1.444053e-01 4.974861e+02 2.671760e+00 8.32232838732164702378e+05
1.210000e+00 1.758446e-01 1.463777e-01 5.016311e+02 2.160710e+00 8.32232838732164702378e+05
1.220000e+00 1.759733e-01 1.485889e-01 5.057758e+02 1.483944e+00 8.32232838732164818794e+05
1.230000e+00 1.760502e-01 1.509639e-01 5.099203e+02 6.936061e-01 8.32232838732164818794e+05
1.240000e+00 1.760694e-01 1.534154e-01 5.140648e+02 -1.497486e-01 8.32232838732164702378e+05
1.250000e+00 1.760295e-01 1.558503e-01 5.182093e+02 -9.816606e-01 8.32232838732164818794e+05
1.260000e+00 1.759334e-01 1.581771e-01 5.223539e+02 -1.738512e+00 8.32232838732164818794e+05
1.270000e+00 1.757886e-01 1.603118e-01 5.264987e+02 -2.362222e+00 8.32232838732164935209e+05
1.280000e+00 1.756061e-01 1.621851e-01 5.306438e+02 -2.804594e+00 8.32232838732164935209e+05
1.290000e+00 1.754000e-01 1.637471e-01 5.347892e+02 -3.031025e+00 8.32232838732164935209e+05
1.300000e+00 1.751862e-01 1.649714e-01 5.389349e+02 -3.023285e+00 8.32232838732165168040e+05
1.310000e+00 1.749811e-01 1.658578e-01 5.430809e+02 -2.781148e+00 8.32232838732165284455e+05
1.320000e+00 1.748009e-01 1.664322e-01 5.472272e+02 -2.322654e+00 8.32232838732165284455e+05
1.330000e+00 1.746594e-01 1.667453e-01 5.513738e+02 -1.682932e+00 8.32232838732165400870e+05
1.340000e+00 1.745678e-01 1.668686e-01 5.555206e+02 -9.115872e-01 8.32232838732165400870e+05
1.350000e+00 1.745331e-01 1.668890e-01 5.596675e+02 -6.883852e-02 8.32232838732165400870e+05
1.360000e+00 1.745582e-01 1.669016e-01 5.638144e+02 7.793054e-01 8.32232838732165517285e+05
1.370000e+00 1.746411e-01 1.670022e-01 5.679612e+02 1.566397e+00 8.32232838732165400870e+05
1.380000e+00 1.747752e-01 1.672795e-01 5.721078e+02 2.230944e+00 8.32232838732165517285e+05
1.390000e+00 1.749501e-01 1.678079e-01 5.762542e+02 2.721343e+00 8.32232838732165633701e+05
1.400000e+00 1.751522e-01 1.686418e-01 5.804003e+02 2.999929e+00 8.32232838732165517285e+05
1.410000e+00 1.753657e-01 1.698111e-01 5.845460e+02 3.045798e+00 8.32232838732165633701e+05
1.420000e+00 1.755742e-01 1.713199e-01 5.886914e+02 2.856224e+00 8.32232838732165866531e+05
1.430000e+00 1.757615e-01 1.731460e-01 5.928365e+02 2.446615e+00 8.32232838732165982947e+05
1.440000e+00 1.759132e-01 1.752430e-01 5.969814e+02 1.849108e+00 8.32232838732165982947e+05
1.450000e+00 1.760177e-01 1.775442e-01 6.011260e+02 1.109942e+00 8.32232838732165982947e+05
1.460000e+00 1.760670e-01 1.799678e-01 6.052705e+02 2.858908e-01 8.32232838732165982947e+05
1.470000e+00 1.760573e-01 1.824229e-01 6.094150e+02 -5.600075e-01 8.32232838732166099362e+05
1.480000e+00 1.759894e-01 1.848163e-01 6.135596e+02 -1.363105e+00 8.32232838732166099362e+05
1.490000e+00 1.758684e-01 1.870594e-01 6.177043e+02 -2.061907e+00 8.32232838732166099362e+05
1.500000e+00 1.757037e-01 1.890745e-01 6.218492e+02 -2.602633e+00 8.32232838732166215777e+05
1.510000e+00 1.755078e-01 1.908011e-01 6.259944e+02 -2.943288e+00 8.32232838732166215777e+05
1.520000e+00 1.752959e-01 1.922005e-01 6.301399e+02 -3.056954e+00 8.32232838732166215777e+05
1.530000e+00 1.750843e-01 1.932588e-01 6.342858e+02 -2.934042e+00 8.32232838732166565023e+05
1.540000e+00 1.748894e-01 1.939885e-01 6.384320e+02 -2.583268e+00 8.32232838732166565023e+05
1.550000e+00 1.747264e-01 1.944280e-01 6.425784e+02 -2.031226e+00 8.32232838732166565023e+05
1.560000e+00 1.746080e-01 1.946387e-01 6.467251e+02 -1.320498e+00 8.32232838732166681439e+05
1.570000e+00 1.745435e-01 1.947004e-01 6.508720e+02 -5.064057e-01 8.32232838732166681439e+05
1.580000e+00 1.745379e-01 1.947049e-01 6.550189e+02 3.473690e-01 8.32232838732166797854e+05
1.590000e+00 1.745916e-01 1.947487e-01 6.591657e+02 1.173921e+00 8.32232838732166681439e+05
1.600000e+00 1.747005e-01 1.949249e-01 6.633124e+02 1.908557e+00 8.32232838732166797854e+05
1.610000e+00 1.748560e-01 1.953163e-01 6.674590e+02 2.494027e+00 8.32232838732166797854e+05
1.620000e+00 1.750460e-01 1.959879e-01 6.716052e+02 2.885073e+00 8.32232838732166914269e+05
1.630000e+00 1.752557e-01 1.969828e-01 6.757511e+02 3.051920e+00 8.32232838732166914269e+05
1.640000e+00 1.754688e-01 1.983185e-01 6.798967e+02 2.982420e+00 8.32232838732167030685e+05
1.650000e+00 1.756689e-01 1.999860e-01 6.840420e+02 2.682766e+00 8.32232838732167147100e+05
1.660000e+00 1.758405e-01 2.019511e-01 6.881869e+02 2.176764e+00 8.32232838732167263515e+05
1.670000e+00 1.759705e-01 2.041569e-01 6.923317e+02 1.503803e+00 8.32232838732167147100e+05
1.680000e+00 1.760489e-01 2.065286e-01 6.964762e+02 7.157459e-01 8.32232838732167263515e+05
1.690000e+00 1.760697e-01 2.089792e-01 7.006207e+02 -1.270220e-01 8.32232838732167263515e+05
1.700000e+00 1.760313e-01 2.114158e-01 7.047652e+02 -9.600838e-01 8.32232838732167379931e+05
1.710000e+00 1.759367e-01 2.137466e-01 7.089098e+02 -1.719737e+00 8.32232838732167379931e+05
1.720000e+00 1.757930e-01 2.158875e-01 7.130546e+02 -2.347694e+00 8.32232838732167379931e+05
1.730000e+00 1.756114e-01 2.177685e-01 7.171997e+02 -2.795441e+00 8.32232838732167379931e+05
1.740000e+00 1.754057e-01 2.193393e-01 7.213450e+02 -3.027970e+00 8.32232838732167379931e+05
1.750000e+00 1.751918e-01 2.205728e-01 7.254907e+02 -3.026587e+00 8.32232838732167496346e+05
1.760000e+00 1.749864e-01 2.214679e-01 7.296367e+02 -2.790572e+00 8.32232838732167729177e+05
1.770000e+00 1.748053e-01 2.220501e-01 7.337831e+02 -2.337487e+00 8.32232838732167845592e+05
1.780000e+00 1.746626e-01 2.223694e-01 7.379297e+02 -1.702028e+00 8.32232838732167845592e+05
1.790000e+00 1.745695e-01 2.224967e-01 7.420764e+02 -9.334610e-01 8.32232838732167845592e+05
1.800000e+00 1.745333e-01 2.225187e-01 7.462233e+02 -9.177864e-02 8.32232838732167962007e+05
1.810000e+00 1.745568e-01 2.225302e-01 7.503702e+02 7.570968e-01 8.32232838732167962007e+05
1.820000e+00 1.746381e-01 2.226273e-01 7.545170e+02 1.546659e+00 8.32232838732167962007e+05
1.830000e+00 1.747710e-01 2.228988e-01 7.586637e+02 2.215213e+00 8.32232838732167962007e+05
1.840000e+00 1.749450e-01 2.234197e-01 7.628100e+02 2.710837e+00 8.32232838732168078423e+05
1.850000e+00 1.751466e-01 2.242448e-01 7.669561e+02 2.995447e+00 8.32232838732168078423e+05
1.860000e+00 1.753600e-01 2.254050e-01 7.711019e+02 3.047667e+00 8.32232838732168194838e+05
1.870000e+00 1.755688e-01 2.269049e-01 7.752473e+02 2.864275e+00 8.32232838732168311253e+05
1.880000e+00 1.757569e-01 2.287230e-01 7.793924e+02 2.460211e+00 8.32232838732168427669e+05
1.890000e+00 1.759097e-01 2.308135e-01 7.835373e+02 1.867189e+00 8.32232838732168427669e+05
1.900000e+00 1.760156e-01 2.331102e-01 7.876819e+02 1.131115e+00 8.32232838732168544084e+05
1.910000e+00 1.760664e-01 2.355317e-01 7.918264e+02 3.085333e-01 8.32232838732168544084e+05
1.920000e+00 1.760583e-01 2.379872e-01 7.959709e+02 -5.376258e-01 8.32232838732168544084e+05
1.930000e+00 1.759919e-01 2.403835e-01 8.001155e+02 -1.342696e+00 8.32232838732168544084e+05
1.940000e+00 1.758723e-01 2.426316e-01 8.042602e+02 -2.045036e+00 8.32232838732168544084e+05
1.950000e+00 1.757086e-01 2.446537e-01 8.084051e+02 -2.590603e+00 8.32232838732168660499e+05
1.960000e+00 1.755133e-01 2.463887e-01 8.125503e+02 -2.937040e+00 8.32232838732168660499e+05
1.970000e+00 1.753016e-01 2.477971e-01 8.166958e+02 -3.056991e+00 8.32232838732168660499e+05
1.980000e+00 1.750898e-01 2.488645e-01 8.208416e+02 -2.940383e+00 8.32232838732169126160e+05
1.990000e+00 1.748943e-01 2.496026e-01 8.249878e+02 -2.595441e+00 8.32232838732169242576e+05
2.000000e+00 1.747303e-01 2.500492e-01 8.291343e+02 -2.048299e+00 8.32232838732169242576e+05
2.010000e+00 1.746105e-01 2.502651e-01 8.332810e+02 -1.341148e+00 8.32232838732169358991e+05
2.020000e+00 1.745445e-01 2.503296e-01 8.374278e+02 -5.290209e-01 8.32232838732169358991e+05
2.030000e+00 1.745373e-01 2.503344e-01 8.415747e+02 3.245606e-01 8.32232838732169242576e+05
2.040000e+00 1.745894e-01 2.503758e-01 8.457215e+02 1.152707e+00 8.32232838732169358991e+05
2.050000e+00 1.746969e-01 2.505474e-01 8.498683e+02 1.890594e+00 8.32232838732169358991e+05
2.060000e+00 1.748513e-01 2.509320e-01 8.540148e+02 2.480711e+00 8.32232838732169475406e+05
2.070000e+00 1.750406e-01 2.515955e-01 8.581611e+02 2.877427e+00 8.32232838732169475406e+05
2.080000e+00 1.752500e-01 2.525814e-01 8.623070e+02 3.050518e+00 8.32232838732169475406e+05
2.090000e+00 1.754632e-01 2.539080e-01 8.664526e+02 2.987348e+00 8.32232838732169591822e+05
2.100000e+00 1.756639e-01 2.555670e-01 8.705979e+02 2.693623e+00 8.32232838732169824652e+05
2.110000e+00 1.758364e-01 2.575247e-01 8.747428e+02 2.192697e+00 8.32232838732169824652e+05
2.120000e+00 1.759677e-01 2.597249e-01 8.788876e+02 1.523579e+00 8.32232838732169941068e+05
2.130000e+00 1.760475e-01 2.620933e-01 8.830321e+02 7.378461e-01 8.32232838732169941068e+05
2.140000e+00 1.760699e-01 2.645430e-01 8.871766e+02 -1.042885e-01 8.32232838732169941068e+05
2.150000e+00 1.760331e-01 2.669812e-01 8.913211e+02 -9.384541e-01 8.32232838732169941068e+05
2.160000e+00 1.759399e-01 2.693159e-01 8.954657e+02 -1.700867e+00 8.32232838732169941068e+05
2.170000e+00 1.757974e-01 2.714629e-01 8.996105e+02 -2.333035e+00 8.32232838732170057483e+05
2.180000e+00 1.756166e-01 2.733517e-01 9.037556e+02 -2.786133e+00 8.32232838732170057483e+05
2.190000e+00 1.754114e-01 2.749312e-01 9.079009e+02 -3.024746e+00 8.32232838732170057483e+05
2.200000e+00 1.751975e-01 2.761738e-01 9.120466e+02 -3.029719e+00 8.32232838732170173898e+05
2.210000e+00 1.749916e-01 2.770779e-01 9.161926e+02 -2.799839e+00 8.32232838732170290314e+05
2.220000e+00 1.748097e-01 2.776679e-01 9.203389e+02 -2.352187e+00 8.32232838732170406729e+05
2.230000e+00 1.746658e-01 2.779934e-01 9.244855e+02 -1.721028e+00 8.32232838732170406729e+05
2.240000e+00 1.745713e-01 2.781248e-01 9.286323e+02 -9.552820e-01 8.32232838732170523144e+05
2.250000e+00 1.745335e-01 2.781483e-01 9.327792e+02 -1.147136e-01 8.32232838732170523144e+05
2.260000e+00 1.745554e-01 2.781589e-01 9.369260e+02 7.348455e-01 8.32232838732170523144e+05
2.270000e+00 1.746353e-01 2.782524e-01 9.410729e+02 1.526833e+00 8.32232838732170523144e+05
2.280000e+00 1.747669e-01 2.785182e-01 9.452195e+02 2.199358e+00 8.32232838732170639560e+05
2.290000e+00 1.749399e-01 2.790316e-01 9.493659e+02 2.700179e+00 8.32232838732170639560e+05
2.300000e+00 1.751409e-01 2.798481e-01 9.535120e+02 2.990798e+00 8.32232838732170639560e+05
2.310000e+00 1.753543e-01 2.809991e-01 9.576578e+02 3.049365e+00 8.32232838732170639560e+05
2.320000e+00 1.755634e-01 2.824901e-01 9.618032e+02 2.872168e+00 8.32232838732170988806e+05
2.330000e+00 1.757522e-01 2.843001e-01 9.659483e+02 2.473670e+00 8.32232838732171105221e+05
2.340000e+00 1.759062e-01 2.863841e-01 9.700932e+02 1.885166e+00 8.32232838732170988806e+05
2.350000e+00 1.760134e-01 2.886764e-01 9.742378e+02 1.152226e+00 8.32232838732171105221e+05
2.360000e+00 1.760658e-01 2.910957e-01 9.783823e+02 3.311587e-01 8.32232838732171105221e+05
2.370000e+00 1.760593e-01 2.935515e-01 9.825268e+02 -5.152144e-01 8.32232838732171105221e+05
2.380000e+00 1.759944e-01 2.959505e-01 9.866714e+02 -1.322212e+00 8.32232838732171221636e+05
2.390000e+00 1.758761e-01 2.982037e-01 9.908160e+02 -2.028051e+00 8.32232838732171338052e+05
2.400000e+00 1.757134e-01 3.002328e-01 9.949609e+02 -2.578429e+00 8.32232838732171221636e+05
2.410000e+00 1.755188e-01 3.019760e-01 9.991061e+02 -2.930628e+00 8.32232838732171338052e+05
2.420000e+00 1.753074e-01 3.033935e-01 1.003252e+03 -3.056856e+00 8.32232838732171338052e+05
2.430000e+00 1.750953e-01 3.044700e-01 1.007397e+03 -2.946558e+00 8.32232838732171570882e+05
2.440000e+00 1.748992e-01 3.052165e-01 1.011544e+03 -2.607468e+00 8.32232838732171803713e+05
2.450000e+00 1.747341e-01 3.056702e-01 1.015690e+03 -2.065258e+00 8.32232838732171803713e+05
2.460000e+00 1.746131e-01 3.058913e-01 1.019837e+03 -1.361723e+00 8.32232838732171920128e+05
2.470000e+00 1.745455e-01 3.059588e-01 1.023984e+03 -5.516061e-01 8.32232838732171920128e+05
2.480000e+00 1.745367e-01 3.059639e-01 1.028131e+03 3.017338e-01 8.32232838732171920128e+05
2.490000e+00 1.745873e-01 3.060031e-01 1.032277e+03 1.131427e+00 8.32232838732172036543e+05
2.500000e+00 1.746934e-01 3.061700e-01 1.036424e+03 1.872525e+00 8.32232838732171920128e+05
2.510000e+00 1.748467e-01 3.065480e-01 1.040571e+03 2.467255e+00 8.32232838732171920128e+05
2.520000e+00 1.750352e-01 3.072034e-01 1.044717e+03 2.869620e+00 8.32232838732172036543e+05
2.530000e+00 1.752442e-01 3.081803e-01 1.048863e+03 3.048945e+00 8.32232838732172036543e+05
2.540000e+00 1.754576e-01 3.094977e-01 1.053008e+03 2.992110e+00 8.32232838732172152959e+05
2.550000e+00 1.756588e-01 3.111481e-01 1.057154e+03 2.704331e+00 8.32232838732172269374e+05
2.560000e+00 1.758323e-01 3.130985e-01 1.061299e+03 2.208509e+00 8.32232838732172385789e+05
2.570000e+00 1.759648e-01 3.152931e-01 1.065443e+03 1.543272e+00 8.32232838732172385789e+05
2.580000e+00 1.760461e-01 3.176581e-01 1.069588e+03 7.599056e-01 8.32232838732172502205e+05
2.590000e+00 1.760701e-01 3.201068e-01 1.073733e+03 -8.154915e-02 8.32232838732172502205e+05
2.600000e+00 1.760348e-01 3.225465e-01 1.077877e+03 -9.167726e-01 8.32232838732172502205e+05
2.610000e+00 1.759431e-01 3.248852e-01 1.082022e+03 -1.681903e+00 8.32232838732172502205e+05
2.620000e+00 1.758018e-01 3.270382e-01 1.086166e+03 -2.318248e+00 8.32232838732172502205e+05
2.630000e+00 1.756218e-01 3.289346e-01 1.090311e+03 -2.776669e+00 8.32232838732172618620e+05
2.640000e+00 1.754171e-01 3.305229e-01 1.094457e+03 -3.021354e+00 8.32232838732172618620e+05
2.650000e+00 1.752032e-01 3.317747e-01 1.098602e+03 -3.032681e+00 8.32232838732172851451e+05
2.660000e+00 1.749969e-01 3.326876e-01 1.102748e+03 -2.808949e+00 8.32232838732172967866e+05
2.670000e+00 1.748141e-01 3.332855e-01 1.106895e+03 -2.366755e+00 8.32232838732172967866e+05
2.680000e+00 1.746690e-01 3.336172e-01 1.111041e+03 -1.739931e+00 8.32232838732173084281e+05
2.690000e+00 1.745731e-01 3.337527e-01 1.115188e+03 -9.770490e-01 8.32232838732173084281e+05
2.700000e+00 1.745337e-01 3.337779e-01 1.119335e+03 -1.376420e-01 8.32232838732173084281e+05
2.710000e+00 1.745540e-01 3.337876e-01 1.123482e+03 7.125525e-01 8.32232838732173200697e+05
2.720000e+00 1.746324e-01 3.338777e-01 1.127629e+03 1.506921e+00 8.32232838732173200697e+05
2.730000e+00 1.747628e-01 3.341379e-01 1.131775e+03 2.183379e+00 8.32232838732173200697e+05
2.740000e+00 1.749349e-01 3.346438e-01 1.135922e+03 2.689368e+00 8.32232838732173200697e+05
2.750000e+00 1.751353e-01 3.354516e-01 1.140068e+03 2.985981e+00 8.32232838732173200697e+05
2.760000e+00 1.753485e-01 3.365935e-01 1.144214e+03 3.050893e+00 8.32232838732173317112e+05
2.770000e+00 1.755580e-01 3.380755e-01 1.148359e+03 2.879901e+00 8.32232838732173549943e+05
2.780000e+00 1.757476e-01 3.398775e-01 1.152504e+03 2.486992e+00 8.32232838732173549943e+05
2.790000e+00 1.759026e-01 3.419549e-01 1.156649e+03 1.903040e+00 8.32232838732173666358e+05
2.800000e+00 1.760112e-01 3.442426e-01 1.160794e+03 1.173272e+00 8.32232838732173666358e+05
2.810000e+00 1.760652e-01 3.466597e-01 1.164938e+03 3.537660e-01 8.32232838732173666358e+05
2.820000e+00 1.760603e-01 3.491157e-01 1.169083e+03 -4.927746e-01 8.32232838732173782773e+05
2.830000e+00 1.759969e-01 3.515175e-01 1.173227e+03 -1.301655e+00 8.32232838732173782773e+05
2.840000e+00 1.758799e-01 3.537756e-01 1.177372e+03 -2.010954e+00 8.32232838732173782773e+05
2.850000e+00 1.757183e-01 3.558116e-01 1.181517e+03 -2.566112e+00 8.32232838732173899189e+05
2.860000e+00 1.755243e-01 3.575631e-01 1.185662e+03 -2.924053e+00 8.32232838732173899189e+05
2.870000e+00 1.753131e-01 3.589897e-01 1.189807e+03 -3.056551e+00 8.32232838732174015604e+05
2.880000e+00 1.751009e-01 3.600752e-01 1.193953e+03 -2.952569e+00 8.32232838732174248435e+05
2.890000e+00 1.749041e-01 3.608303e-01 1.198099e+03 -2.619349e+00 8.32232838732174364850e+05
2.900000e+00 1.747380e-01 3.612911e-01 1.202246e+03 -2.082099e+00 8.32232838732174364850e+05
2.910000e+00 1.746157e-01 3.615175e-01 1.206393e+03 -1.382221e+00 8.32232838732174481265e+05
2.920000e+00 1.745465e-01 3.615879e-01 1.210539e+03 -5.741602e-01 8.32232838732174481265e+05
2.930000e+00 1.745361e-01 3.615934e-01 1.214686e+03 2.788899e-01 8.32232838732174481265e+05
2.940000e+00 1.745852e-01 3.616304e-01 1.218833e+03 1.110083e+00 8.32232838732174597681e+05
2.950000e+00 1.746899e-01 3.617928e-01 1.222980e+03 1.854350e+00 8.32232838732174597681e+05
2.960000e+00 1.748421e-01 3.621642e-01 1.227126e+03 2.453661e+00 8.32232838732174597681e+05
2.970000e+00 1.750298e-01 3.628114e-01 1.231273e+03 2.861651e+00 8.32232838732174597681e+05
2.980000e+00 1.752385e-01 3.637794e-01 1.235419e+03 3.047202e+00 8.32232838732174597681e+05
2.990000e+00 1.754520e-01 3.650877e-01 1.239564e+03 2.996705e+00 8.32232838732174714096e+05
3.000000e+00 1.756537e-01 3.667295e-01 1.243710e+03 2.714888e+00 8.32232838732174830511e+05
3.010000e+00 1.758281e-01 3.686724e-01 1.247855e+03 2.224199e+00 8.32232838732174946927e+05
3.020000e+00 1.759619e-01 3.708614e-01 1.251999e+03 1.562878e+00 8.32232838732174946927e+05
3.030000e+00 1.760447e-01 3.732229e-01 1.256144e+03 7.819233e-01 8.32232838732175063342e+05
3.040000e+00 1.760702e-01 3.756706e-01 1.260288e+03 -5.880533e-02 8.32232838732175063342e+05
3.050000e+00 1.760365e-01 3.781118e-01 1.264433e+03 -8.950405e-01 8.32232838732175063342e+05
3.060000e+00 1.759462e-01 3.804543e-01 1.268578e+03 -1.662846e+00 8.32232838732175063342e+05
3.070000e+00 1.758061e-01 3.826132e-01 1.272722e+03 -2.303332e+00 8.32232838732175063342e+05
3.080000e+00 1.756270e-01 3.845173e-01 1.276867e+03 -2.767052e+00 8.32232838732175179757e+05
3.090000e+00 1.754227e-01 3.861143e-01 1.281013e+03 -3.017793e+00 8.32232838732175179757e+05
3.100000e+00 1.752089e-01 3.873753e-01 1.285158e+03 -3.035474e+00 8.32232838732175296172e+05
3.110000e+00 1.750022e-01 3.882971e-01 1.289304e+03 -2.817902e+00 8.32232838732175529003e+05
3.120000e+00 1.748186e-01 3.889029e-01 1.293451e+03 -2.381190e+00 8.32232838732175645418e+05
3.130000e+00 1.746723e-01 3.892409e-01 1.297597e+03 -1.758736e+00 8.32232838732175529003e+05
3.140000e+00 1.745749e-01 3.893806e-01 1.301744e+03 -9.987607e-01 8.32232838732175645418e+05
3.150000e+00 1.745340e-01 3.894076e-01 1.305891e+03 -1.605626e-01 8.32232838732175645418e+05
3.160000e+00 1.745527e-01 3.894164e-01 1.310038e+03 6.902192e-01 8.32232838732175645418e+05
3.170000e+00 1.746296e-01 3.895031e-01 1.314185e+03 1.486923e+00 8.32232838732175761834e+05
3.180000e+00 1.747587e-01 3.897577e-01 1.318331e+03 2.167277e+00 8.32232838732175761834e+05
3.190000e+00 1.749298e-01 3.902562e-01 1.322478e+03 2.678407e+00 8.32232838732175761834e+05
3.200000e+00 1.751297e-01 3.910554e-01 1.326624e+03 2.980996e+00 8.32232838732175878249e+05
3.210000e+00 1.753428e-01 3.921881e-01 1.330769e+03 3.052251e+00 8.32232838732175994664e+05
3.220000e+00 1.755526e-01 3.936612e-01 1.334915e+03 2.887474e+00 8.32232838732176111080e+05
3.230000e+00 1.757429e-01 3.954551e-01 1.339060e+03 2.500177e+00 8.32232838732176227495e+05
3.240000e+00 1.758990e-01 3.975259e-01 1.343205e+03 1.920808e+00 8.32232838732176227495e+05
3.250000e+00 1.760090e-01 3.998090e-01 1.347350e+03 1.194254e+00 8.32232838732176227495e+05
3.260000e+00 1.760645e-01 4.022237e-01 1.351494e+03 3.763537e-01 8.32232838732176227495e+05
3.270000e+00 1.760612e-01 4.046799e-01 1.355639e+03 -4.703076e-01 8.32232838732176343910e+05
3.280000e+00 1.759993e-01 4.070843e-01 1.359783e+03 -1.281026e+00 8.32232838732176460326e+05
3.290000e+00 1.758837e-01 4.093474e-01 1.363928e+03 -1.993746e+00 8.32232838732176460326e+05
3.300000e+00 1.757231e-01 4.113902e-01 1.368073e+03 -2.553652e+00 8.32232838732176460326e+05
3.310000e+00 1.755298e-01 4.131500e-01 1.372218e+03 -2.917316e+00 8.32232838732176576741e+05
3.320000e+00 1.753189e-01 4.145856e-01 1.376363e+03 -3.056075e+00 8.32232838732176576741e+05
3.330000e+00 1.751064e-01 4.156802e-01 1.380509e+03 -2.958414e+00 8.32232838732176693156e+05
3.340000e+00 1.749090e-01 4.164438e-01 1.384655e+03 -2.631082e+00 8.32232838732176809572e+05
3.350000e+00 1.747419e-01 4.169118e-01 1.388802e+03 -2.098823e+00 8.32232838732176925987e+05
3.360000e+00 1.746183e-01 4.171435e-01 1.392948e+03 -1.402640e+00 8.32232838732176925987e+05
3.370000e+00 1.745476e-01 4.172169e-01 1.397095e+03 -5.966817e-01 8.32232838732177042402e+05
3.380000e+00 1.745356e-01 4.172229e-01 1.401242e+03 2.560302e-01 8.32232838732177042402e+05
3.390000e+00 1.745831e-01 4.172579e-01 1.405389e+03 1.088677e+00 8.32232838732177042402e+05
3.400000e+00 1.746864e-01 4.174158e-01 1.409536e+03 1.836070e+00 8.32232838732177042402e+05
3.410000e+00 1.748375e-01 4.177806e-01 1.413682e+03 2.439928e+00 8.32232838732177042402e+05
3.420000e+00 1.750244e-01 4.184197e-01 1.417829e+03 2.853522e+00 8.32232838732177158818e+05
3.430000e+00 1.752328e-01 4.193787e-01 1.421975e+03 3.045289e+00 8.32232838732177158818e+05
3.440000e+00 1.754463e-01 4.206779e-01 1.426120e+03 3.001133e+00 8.32232838732177275233e+05
3.450000e+00 1.756486e-01 4.223110e-01 1.430265e+03 2.725295e+00 8.32232838732177508064e+05
3.460000e+00 1.758239e-01 4.242466e-01 1.434410e+03 2.239765e+00 8.32232838732177508064e+05
3.470000e+00 1.759589e-01 4.264299e-01 1.438555e+03 1.582399e+00 8.32232838732177624479e+05
3.480000e+00 1.760432e-01 4.287878e-01 1.442700e+03 8.038977e-01 8.32232838732177624479e+05
3.490000e+00 1.760703e-01 4.312344e-01 1.446844e+03 -3.605827e-02 8.32232838732177624479e+05
3.500000e+00 1.760382e-01 4.336769e-01 1.450989e+03 -8.732590e-01 8.32232838732177624479e+05
3.510000e+00 1.759493e-01 4.360233e-01 1.455133e+03 -1.643697e+00 8.32232838732177740894e+05
3.520000e+00 1.758104e-01 4.381881e-01 1.459278e+03 -2.288288e+00 8.32232838732177740894e+05
3.530000e+00 1.756322e-01 4.400998e-01 1.463423e+03 -2.757280e+00 8.32232838732177740894e+05
3.540000e+00 1.754284e-01 4.417055e-01 1.467569e+03 -3.014064e+00 8.32232838732177740894e+05
3.550000e+00 1.752146e-01 4.429757e-01 1.471714e+03 -3.038098e+00 8.32232838732177973725e+05
3.560000e+00 1.750075e-01 4.439063e-01 1.475860e+03 -2.826696e+00 8.32232838732178090140e+05
3.570000e+00 1.748230e-01 4.445201e-01 1.480006e+03 -2.395490e+00 8.32232838732178206556e+05
3.580000e+00 1.746757e-01 4.448645e-01 1.484153e+03 -1.777441e+00 8.32232838732178206556e+05
3.590000e+00 1.745768e-01 4.450084e-01 1.488300e+03 -1.020416e+00 8.32232838732178206556e+05
3.600000e+00 1.745343e-01 4.450372e-01 1.492447e+03 -1.834742e-01 8.32232838732178206556e+05
3.610000e+00 1.745514e-01 4.450452e-01 1.496594e+03 6.678469e-01 8.32232838732178322971e+05
3.620000e+00 1.746268e-01 4.451287e-01 1.500740e+03 1.466842e+00 8.32232838732178322971e+05
3.630000e+00 1.747546e-01 4.453776e-01 1.504887e+03 2.151053e+00 8.32232838732178439386e+05
3.640000e+00 1.749248e-01 4.458688e-01 1.509033e+03 2.667295e+00 8.32232838732178439386e+05
3.650000e+00 1.751241e-01 4.466594e-01 1.513180e+03 2.975845e+00 8.32232838732178439386e+05
3.660000e+00 1.753371e-01 4.477830e-01 1.517325e+03 3.053439e+00 8.32232838732178439386e+05
3.670000e+00 1.755472e-01 4.492471e-01 1.521471e+03 2.894886e+00 8.32232838732178672217e+05
3.680000e+00 1.757382e-01 4.510329e-01 1.525616e+03 2.513222e+00 8.32232838732178788632e+05
3.690000e+00 1.758954e-01 4.530970e-01 1.529761e+03 1.938470e+00 8.32232838732178788632e+05
3.700000e+00 1.760068e-01 4.553754e-01 1.533905e+03 1.215170e+00 8.32232838732178788632e+05
3.710000e+00 1.760638e-01 4.577878e-01 1.538050e+03 3.989206e-01 8.32232838732178905047e+05
3.720000e+00 1.760620e-01 4.602441e-01 1.542194e+03 -4.478147e-01 8.32232838732178905047e+05
3.730000e+00 1.760017e-01 4.626511e-01 1.546339e+03 -1.260327e+00 8.32232838732179021463e+05
3.740000e+00 1.758874e-01 4.649190e-01 1.550484e+03 -1.976427e+00 8.32232838732179021463e+05
3.750000e+00 1.757279e-01 4.669686e-01 1.554629e+03 -2.541051e+00 8.32232838732179021463e+05
3.760000e+00 1.755353e-01 4.687366e-01 1.558774e+03 -2.910416e+00 8.32232838732179137878e+05
3.770000e+00 1.753246e-01 4.701812e-01 1.562919e+03 -3.055429e+00 8.32232838732179137878e+05
3.780000e+00 1.751120e-01 4.712850e-01 1.567065e+03 -2.964093e+00 8.32232838732179254293e+05
3.790000e+00 1.749140e-01 4.720570e-01 1.571211e+03 -2.642667e+00 8.32232838732179487124e+05
3.800000e+00 1.747459e-01 4.725323e-01 1.575358e+03 -2.115429e+00 8.32232838732179487124e+05
3.810000e+00 1.746209e-01 4.727694e-01 1.579504e+03 -1.422981e+00 8.32232838732179603539e+05
3.820000e+00 1.745488e-01 4.728459e-01 1.583651e+03 -6.191695e-01 8.32232838732179603539e+05
3.830000e+00 1.745352e-01 4.728525e-01 1.587798e+03 2.331560e-01 8.32232838732179603539e+05
3.840000e+00 1.745811e-01 4.728854e-01 1.591945e+03 1.067209e+00 8.32232838732179603539e+05
3.850000e+00 1.746830e-01 4.730388e-01 1.596092e+03 1.817686e+00 8.32232838732179603539e+05
3.860000e+00 1.748329e-01 4.733972e-01 1.600238e+03 2.426058e+00 8.32232838732179719955e+05
3.870000e+00 1.750191e-01 4.740283e-01 1.604384e+03 2.845233e+00 8.32232838732179719955e+05
3.880000e+00 1.752270e-01 4.749783e-01 1.608530e+03 3.043205e+00 8.32232838732179836370e+05
3.890000e+00 1.754407e-01 4.762683e-01 1.612676e+03 3.005394e+00 8.32232838732179836370e+05
3.900000e+00 1.756434e-01 4.778928e-01 1.616821e+03 2.735550e+00 8.32232838732180069201e+05
3.910000e+00 1.758197e-01 4.798209e-01 1.620966e+03 2.255208e+00 8.32232838732180185616e+05
3.920000e+00 1.759559e-01 4.819984e-01 1.625111e+03 1.601832e+00 8.32232838732180185616e+05
3.930000e+00 1.760417e-01 4.843528e-01 1.629256e+03 8.258279e-01 8.32232838732180185616e+05
3.940000e+00 1.760704e-01 4.867981e-01 1.633400e+03 -1.330921e-02 8.32232838732180302031e+05
3.950000e+00 1.760398e-01 4.892420e-01 1.637545e+03 -8.514293e-01 8.32232838732180185616e+05
3.960000e+00 1.759524e-01 4.915921e-01 1.641689e+03 -1.624458e+00 8.32232838732180302031e+05
3.970000e+00 1.758147e-01 4.937628e-01 1.645834e+03 -2.273118e+00 8.32232838732180302031e+05
3.980000e+00 1.756374e-01 4.956821e-01 1.649979e+03 -2.747356e+00 8.32232838732180302031e+05
3.990000e+00 1.754341e-01 4.972965e-01 1.654124e+03 -3.010167e+00 8.32232838732180302031e+05
4.000000e+00 1.752204e-01 4.985758e-01 1.658270e+03 -3.040551e+00 8.32232838732180534862e+05
4.010000e+00 1.750128e-01 4.995154e-01 1.662416e+03 -2.835331e+00 8.32232838732180884108e+05
4.020000e+00 1.748276e-01 5.001371e-01 1.666562e+03 -2.409656e+00 8.32232838732181000523e+05
4.030000e+00 1.746790e-01 5.004879e-01 1.670709e+03 -1.796046e+00 8.32232838732181000523e+05
4.040000e+00 1.745788e-01 5.006362e-01 1.674856e+03 -1.042013e+00 8.32232838732181000523e+05
4.050000e+00 1.745347e-01 5.006668e-01 1.679002e+03 -2.063754e-01 8.32232838732181116939e+05
4.060000e+00 1.745502e-01 5.006741e-01 1.683149e+03 6.454368e-01 8.32232838732181116939e+05
4.070000e+00 1.746241e-01 5.007543e-01 1.687296e+03 1.446678e+00 8.32232838732181116939e+05
4.080000e+00 1.747506e-01 5.009978e-01 1.691443e+03 2.134707e+00 8.32232838732181116939e+05
4.090000e+00 1.749198e-01 5.014816e-01 1.695589e+03 2.656034e+00 8.32232838732181116939e+05
4.100000e+00 1.751185e-01 5.022636e-01 1.699735e+03 2.970527e+00 8.32232838732181233354e+05
4.110000e+00 1.753313e-01 5.033781e-01 1.703881e+03 3.054456e+00 8.32232838732181349769e+05
4.120000e+00 1.755417e-01 5.048332e-01 1.708027e+03 2.902137e+00 8.32232838732181466185e+05
4.130000e+00 1.757334e-01 5.066108e-01 1.712172e+03 2.526128e+00 8.32232838732181582600e+05
4.140000e+00 1.758917e-01 5.086683e-01 1.716317e+03 1.956025e+00 8.32232838732181699015e+05
4.150000e+00 1.760045e-01 5.109419e-01 1.720461e+03 1.236019e+00 8.32232838732181699015e+05
4.160000e+00 1.760630e-01 5.133518e-01 1.724606e+03 4.214656e-01 8.32232838732181699015e+05
4.170000e+00 1.760629e-01 5.158082e-01 1.728750e+03 -4.252971e-01 8.32232838732181699015e+05
4.180000e+00 1.760041e-01 5.182177e-01 1.732895e+03 -1.239558e+00 8.32232838732181699015e+05
4.190000e+00 1.758911e-01 5.204905e-01 1.737040e+03 -1.958999e+00 8.32232838732181815431e+05
4.200000e+00 1.757326e-01 5.225468e-01 1.741184e+03 -2.528309e+00 8.32232838732181815431e+05
4.210000e+00 1.755408e-01 5.243230e-01 1.745330e+03 -2.903354e+00 8.32232838732181815431e+05
4.220000e+00 1.753304e-01 5.257766e-01 1.749475e+03 -3.054611e+00 8.32232838732181931846e+05
4.230000e+00 1.751176e-01 5.268895e-01 1.753621e+03 -2.969606e+00 8.32232838732182048261e+05
4.240000e+00 1.749189e-01 5.276701e-01 1.757767e+03 -2.654104e+00 8.32232838732182281092e+05
4.250000e+00 1.747499e-01 5.281527e-01 1.761913e+03 -2.131916e+00 8.32232838732182164676e+05
4.260000e+00 1.746236e-01 5.283952e-01 1.766060e+03 -1.443241e+00 8.32232838732182281092e+05
4.270000e+00 1.745500e-01 5.284749e-01 1.770207e+03 -6.416223e-01 8.32232838732182397507e+05
4.280000e+00 1.745347e-01 5.284821e-01 1.774354e+03 2.102687e-01 8.32232838732182281092e+05
4.290000e+00 1.745791e-01 5.285131e-01 1.778501e+03 1.045680e+00 8.32232838732182281092e+05
4.300000e+00 1.746796e-01 5.286621e-01 1.782647e+03 1.799200e+00 8.32232838732182397507e+05
4.310000e+00 1.748283e-01 5.290139e-01 1.786794e+03 2.412051e+00 8.32232838732182397507e+05
4.320000e+00 1.750137e-01 5.296370e-01 1.790940e+03 2.836784e+00 8.32232838732182397507e+05
4.330000e+00 1.752213e-01 5.305781e-01 1.795086e+03 3.040951e+00 8.32232838732182513922e+05
4.340000e+00 1.754350e-01 5.318590e-01 1.799232e+03 3.009488e+00 8.32232838732182630338e+05
4.350000e+00 1.756383e-01 5.334749e-01 1.803377e+03 2.745653e+00 8.32232838732182746753e+05
4.360000e+00 1.758155e-01 5.353954e-01 1.807522e+03 2.270526e+00 8.32232838732182863168e+05
4.370000e+00 1.759529e-01 5.375671e-01 1.811667e+03 1.621177e+00 8.32232838732182863168e+05
4.380000e+00 1.760401e-01 5.399178e-01 1.815812e+03 8.477125e-01 8.32232838732182979584e+05
4.390000e+00 1.760704e-01 5.423619e-01 1.819956e+03 9.440578e-03 8.32232838732182979584e+05
4.400000e+00 1.760414e-01 5.448071e-01 1.824101e+03 -8.295527e-01 8.32232838732182979584e+05
4.410000e+00 1.759554e-01 5.471608e-01 1.828245e+03 -1.605128e+00 8.32232838732183095999e+05
4.420000e+00 1.758190e-01 5.493374e-01 1.832390e+03 -2.257822e+00 8.32232838732182979584e+05
4.430000e+00 1.756426e-01 5.512641e-01 1.836535e+03 -2.737279e+00 8.32232838732182979584e+05
4.440000e+00 1.754397e-01 5.528872e-01 1.840680e+03 -3.006102e+00 8.32232838732183095999e+05
4.450000e+00 1.752261e-01 5.541757e-01 1.844826e+03 -3.042834e+00 8.32232838732183212414e+05
4.460000e+00 1.750182e-01 5.551242e-01 1.848972e+03 -2.843808e+00 8.32232838732183445245e+05
4.470000e+00 1.748321e-01 5.557539e-01 1.853118e+03 -2.423686e+00 8.32232838732183678076e+05
4.480000e+00 1.746824e-01 5.561111e-01 1.857265e+03 -1.814550e+00 8.32232838732183561660e+05
4.490000e+00 1.745807e-01 5.562638e-01 1.861411e+03 -1.063552e+00 8.32232838732183678076e+05
4.500000e+00 1.745351e-01 5.562964e-01 1.865558e+03 -2.292649e-01 8.32232838732183678076e+05
4.510000e+00 1.745490e-01 5.563030e-01 1.869705e+03 6.229902e-01 8.32232838732183794491e+05
4.520000e+00 1.746214e-01 5.563801e-01 1.873852e+03 1.426432e+00 8.32232838732183794491e+05
4.530000e+00 1.747466e-01 5.566181e-01 1.877999e+03 2.118241e+00 8.32232838732183794491e+05
4.540000e+00 1.749148e-01 5.570946e-01 1.882145e+03 2.644623e+00 8.32232838732183910906e+05
4.550000e+00 1.751129e-01 5.578681e-01 1.886291e+03 2.965042e+00 8.32232838732183794491e+05
4.560000e+00 1.753256e-01 5.589735e-01 1.890437e+03 3.055302e+00 8.32232838732183910906e+05
4.570000e+00 1.755362e-01 5.604196e-01 1.894583e+03 2.909226e+00 8.32232838732184143737e+05
4.580000e+00 1.757287e-01 5.621890e-01 1.898728e+03 2.538895e+00 8.32232838732184143737e+05
4.590000e+00 1.758880e-01 5.642397e-01 1.902873e+03 1.973471e+00 8.32232838732184260152e+05
4.600000e+00 1.760021e-01 5.665085e-01 1.907017e+03 1.256800e+00 8.32232838732184376568e+05
4.610000e+00 1.760622e-01 5.689159e-01 1.911162e+03 4.439873e-01 8.32232838732184376568e+05
4.620000e+00 1.760636e-01 5.713723e-01 1.915306e+03 -4.027561e-01 8.32232838732184376568e+05
4.630000e+00 1.760064e-01 5.737842e-01 1.919451e+03 -1.218721e+00 8.32232838732184376568e+05
4.640000e+00 1.758948e-01 5.760618e-01 1.923595e+03 -1.941463e+00 8.32232838732184376568e+05
4.650000e+00 1.757374e-01 5.781248e-01 1.927740e+03 -2.515427e+00 8.32232838732184376568e+05
4.660000e+00 1.755462e-01 5.799092e-01 1.931885e+03 -2.896130e+00 8.32232838732184492983e+05
4.670000e+00 1.753361e-01 5.813718e-01 1.936031e+03 -3.053624e+00 8.32232838732184609398e+05
4.680000e+00 1.751232e-01 5.824938e-01 1.940177e+03 -2.974953e+00 8.32232838732184725814e+05
4.690000e+00 1.749239e-01 5.832830e-01 1.944323e+03 -2.665391e+00 8.32232838732184842229e+05
4.700000e+00 1.747539e-01 5.837729e-01 1.948469e+03 -2.148282e+00 8.32232838732184842229e+05
4.710000e+00 1.746263e-01 5.840209e-01 1.952616e+03 -1.463419e+00 8.32232838732184958644e+05
4.720000e+00 1.745512e-01 5.841038e-01 1.956763e+03 -6.640387e-01 8.32232838732184958644e+05
4.730000e+00 1.745344e-01 5.841117e-01 1.960910e+03 1.873694e-01 8.32232838732184958644e+05
4.740000e+00 1.745772e-01 5.841408e-01 1.965057e+03 1.024093e+00 8.32232838732185075060e+05
4.750000e+00 1.746762e-01 5.842855e-01 1.969203e+03 1.780612e+00 8.32232838732185075060e+05
4.760000e+00 1.748238e-01 5.846309e-01 1.973350e+03 2.397909e+00 8.32232838732185075060e+05
4.770000e+00 1.750084e-01 5.852460e-01 1.977496e+03 2.828176e+00 8.32232838732185075060e+05
4.780000e+00 1.752156e-01 5.861782e-01 1.981642e+03 3.038527e+00 8.32232838732185075060e+05
4.790000e+00 1.754294e-01 5.874499e-01 1.985788e+03 3.013414e+00 8.32232838732185307890e+05
4.800000e+00 1.756331e-01 5.890571e-01 1.989933e+03 2.755604e+00 8.32232838732185424305e+05
4.810000e+00 1.758112e-01 5.909701e-01 1.994078e+03 2.285718e+00 8.32232838732185424305e+05
4.820000e+00 1.759498e-01 5.931359e-01 1.998223e+03 1.640432e+00 8.32232838732185540721e+05
4.830000e+00 1.760385e-01 5.954829e-01 2.002367e+03 8.695503e-01 8.32232838732185540721e+05
4.840000e+00 1.760703e-01 5.979257e-01 2.006512e+03 3.218985e-02 8.32232838732185657136e+05
4.850000e+00 1.760429e-01 6.003721e-01 2.010656e+03 -8.076303e-01 8.32232838732185657136e+05
4.860000e+00 1.759584e-01 6.027294e-01 2.014801e+03 -1.585710e+00 8.32232838732185657136e+05
4.870000e+00 1.758232e-01 6.049117e-01 2.018946e+03 -2.242400e+00 8.32232838732185657136e+05
4.880000e+00 1.756477e-01 6.068460e-01 2.023091e+03 -2.727049e+00 8.32232838732185657136e+05
4.890000e+00 1.754454e-01 6.084777e-01 2.027236e+03 -3.001870e+00 8.32232838732185657136e+05
4.900000e+00 1.752318e-01 6.097753e-01 2.031382e+03 -3.044947e+00 8.32232838732185773551e+05
4.910000e+00 1.750235e-01 6.107328e-01 2.035528e+03 -2.852124e+00 8.32232838732186006382e+05
4.920000e+00 1.748367e-01 6.113705e-01 2.039674e+03 -2.437579e+00 8.32232838732186122797e+05
4.930000e+00 1.746858e-01 6.117342e-01 2.043821e+03 -1.832951e+00 8.32232838732186122797e+05
4.940000e+00 1.745828e-01 6.118913e-01 2.047967e+03 -1.085030e+00 8.32232838732186122797e+05
4.950000e+00 1.745355e-01 6.119259e-01 2.052114e+03 -2.521414e-01 8.32232838732186239213e+05
4.960000e+00 1.745478e-01 6.119320e-01 2.056261e+03 6.005083e-01 8.32232838732186239213e+05
4.970000e+00 1.746187e-01 6.120060e-01 2.060408e+03 1.406105e+00 8.32232838732186355628e+05
4.980000e+00 1.747426e-01 6.122386e-01 2.064555e+03 2.101656e+00 8.32232838732186355628e+05
4.990000e+00 1.749099e-01 6.127079e-01 2.068701e+03 2.633063e+00 8.32232838732186355628e+05
5.000000e+00 1.751074e-01 6.134729e-01 2.072847e+03 2.959392e+00 8.32232838732186472043e+05
