0.00000000000000000000 0.174533 0.000000 0.000000 0.000000 1031546.518942
0.01000000000000000021 0.174564 0.000024 4.146879 0.754062 1031546.518942
0.02000000000000000042 0.174651 0.000185 8.293623 1.389780 1031546.518942
0.02999999999999999889 0.174781 0.000598 12.440118 1.807692 1031546.518942
0.04000000000000000083 0.174934 0.001340 16.586289 1.942896 1031546.518942
0.05000000000000000278 0.175085 0.002434 20.732115 1.774992 1031546.518942
0.06000000000000000472 0.175211 0.003848 24.877624 1.330849 1031546.518942
0.07000000000000000666 0.175293 0.005502 29.022898 0.680006 1031546.518942
0.08000000000000000167 0.175318 0.007279 33.168051 -0.076312 1031546.518942
0.08999999999999999667 0.175281 0.009042 37.313217 -0.820798 1031546.518942
0.09999999999999999167 0.175189 0.010657 41.458529 -1.437946 1031546.518942
0.10999999999999998668 0.175056 0.012013 45.604096 -1.831682 1031546.518942
0.11999999999999998168 0.174903 0.013038 49.749990 -1.940225 1031546.518942
0.12999999999999997669 0.174753 0.013711 53.896229 -1.745926 1031546.518942
0.13999999999999998557 0.174630 0.014067 58.042780 -1.278454 1031546.518942
0.14999999999999999445 0.174553 0.014191 62.189561 -0.610554 1031546.518942
0.16000000000000000333 0.174534 0.014203 66.336451 0.153184 1031546.518942
0.17000000000000001221 0.174577 0.014244 70.483313 0.892869 1031546.518942
0.18000000000000002109 0.174674 0.014447 74.630016 1.492457 1031546.518942
0.19000000000000002998 0.174810 0.014921 78.776451 1.858232 1031546.518942
0.20000000000000003886 0.174964 0.015732 82.922554 1.933532 1031546.518942
0.21000000000000004774 0.175113 0.016894 87.068313 1.707335 1031546.518942
0.22000000000000005662 0.175232 0.018363 91.213768 1.215546 1031546.518942
0.23000000000000006550 0.175303 0.020052 95.359008 0.535027 1031546.518942
0.24000000000000007438 0.175315 0.021837 99.504153 -0.228467 1031546.518942
0.25000000000000005551 0.175267 0.023581 103.649338 -0.956536 1031546.518942
0.26000000000000006439 0.175166 0.025152 107.794693 -1.536175 1031546.518942
0.27000000000000007327 0.175027 0.026447 111.940320 -1.877050 1031546.518942
0.28000000000000008216 0.174872 0.027402 116.086282 -1.925528 1031546.518942
0.29000000000000009104 0.174726 0.028008 120.232587 -1.673311 1031546.518942
0.30000000000000009992 0.174610 0.028310 124.379192 -1.159167 1031546.518942
0.31000000000000010880 0.174544 0.028401 128.526005 -0.463240 1031546.518942
0.32000000000000011768 0.174538 0.028408 132.672901 0.305412 1031546.518942
0.33000000000000012657 0.174592 0.028470 136.819741 1.026112 1031546.518942
0.34000000000000013545 0.174698 0.028719 140.966398 1.585847 1031546.518942
0.35000000000000014433 0.174840 0.029257 145.112771 1.897237 1031546.518942
0.36000000000000015321 0.174995 0.030138 149.258806 1.912197 1031546.518942
0.37000000000000016209 0.175139 0.031365 153.404499 1.629134 1031546.518942
0.38000000000000017097 0.175250 0.032887 157.549904 1.092751 1031546.518942
0.39000000000000017986 0.175310 0.034605 161.695114 0.386754 1031546.518942
0.40000000000000018874 0.175310 0.036393 165.840256 -0.379216 1031546.518942
0.41000000000000019762 0.175251 0.038112 169.985465 -1.086382 1031546.518942
0.42000000000000020650 0.175140 0.039636 174.130867 -1.624925 1031546.518942
0.43000000000000021538 0.174997 0.040867 178.276557 -1.910808 1031546.518942
0.44000000000000022427 0.174842 0.041752 182.422588 -1.898892 1031546.518942
0.45000000000000023315 0.174700 0.042292 186.568958 -1.590294 1031546.518942
0.46000000000000024203 0.174593 0.042544 190.715613 -1.032661 1031546.518942
0.47000000000000025091 0.174538 0.042608 194.862452 -0.313037 1031546.518942
0.48000000000000025979 0.174544 0.042614 199.009348 0.455736 1031546.518942
0.49000000000000026867 0.174609 0.042704 203.156162 1.152962 1031546.518942
0.50000000000000022204 0.174724 0.043003 207.302770 1.669375 1031546.518942
0.51000000000000023093 0.174870 0.043606 211.449078 1.924472 1031546.518942
0.52000000000000023981 0.175025 0.044558 215.595044 1.879030 1031546.518942
0.53000000000000024869 0.175164 0.045849 219.740674 1.540876 1031546.518942
0.54000000000000025757 0.175266 0.047418 223.886031 0.963224 1031546.518942
0.55000000000000026645 0.175315 0.049161 228.031218 0.236101 1031546.518942
0.56000000000000027534 0.175303 0.050946 232.176362 -0.527630 1031546.518942
0.57000000000000028422 0.175233 0.052636 236.321600 -1.209534 1031546.518942
0.58000000000000029310 0.175114 0.054109 240.467053 -1.703645 1031546.518942
0.59000000000000030198 0.174966 0.055273 244.612808 -1.932743 1031546.518942
0.60000000000000031086 0.174812 0.056088 248.758908 -1.860475 1031546.518942
0.61000000000000031974 0.174675 0.056566 252.905340 -1.497388 1031546.518942
0.62000000000000032863 0.174577 0.056771 257.052040 -0.899721 1031546.518942
0.63000000000000033751 0.174534 0.056812 261.198902 -0.160882 1031546.518942
0.64000000000000034639 0.174552 0.056824 265.345792 0.603218 1031546.518942
0.65000000000000035527 0.174629 0.056946 269.492575 1.272630 1031546.518942
0.66000000000000036415 0.174751 0.057299 273.639129 1.742525 1031546.518942
0.67000000000000037303 0.174901 0.057969 277.785372 1.939772 1031546.518942
0.68000000000000038192 0.175055 0.058991 281.931268 1.834241 1031546.518942
0.69000000000000039080 0.175188 0.060343 286.076838 1.443111 1031546.518942
0.70000000000000039968 0.175281 0.061956 290.222152 0.827763 1031546.518942
0.71000000000000040856 0.175318 0.063718 294.367320 0.083995 1031546.518942
0.72000000000000041744 0.175294 0.065496 298.512472 -0.672797 1031546.518942
0.73000000000000042633 0.175212 0.067152 302.657744 -1.325232 1031546.518942
0.74000000000000043521 0.175086 0.068569 306.803251 -1.771844 1031546.518942
0.75000000000000044409 0.174935 0.069666 310.949072 -1.942712 1031546.518942
0.76000000000000045297 0.174782 0.070411 315.095241 -1.810509 1031546.518942
0.77000000000000046185 0.174652 0.070828 319.241733 -1.395165 1031546.518942
0.78000000000000047073 0.174564 0.070991 323.388474 -0.761173 1031546.518942
0.79000000000000047962 0.174533 0.071015 327.535353 -0.007723 1031546.518942
0.80000000000000048850 0.174563 0.071038 331.682232 0.746939 1031546.518942
0.81000000000000049738 0.174650 0.071197 335.828978 1.384375 1031546.518942
0.82000000000000050626 0.174780 0.071608 339.975476 1.804847 1031546.518942
0.83000000000000051514 0.174932 0.072347 344.121651 1.943050 1031546.518942
0.84000000000000052403 0.175083 0.073437 348.267480 1.778113 1031546.518942
0.85000000000000053291 0.175210 0.074848 352.412992 1.336445 1031546.518942
0.86000000000000054179 0.175293 0.076501 356.558268 0.687205 1031546.518942
0.87000000000000055067 0.175318 0.078277 360.703421 -0.068628 1031546.518942
0.88000000000000055955 0.175282 0.080040 364.848587 -0.813821 1031546.518942
0.89000000000000056843 0.175190 0.081657 368.993897 -1.432759 1031546.518942
0.90000000000000057732 0.175058 0.083016 373.139461 -1.829096 1031546.518942
0.91000000000000058620 0.174904 0.084045 377.285351 -1.940647 1031546.518942
0.92000000000000059508 0.174754 0.084721 381.431586 -1.749300 1031546.518942
0.93000000000000060396 0.174631 0.085080 385.578135 -1.284258 1031546.518942
0.94000000000000061284 0.174553 0.085206 389.724914 -0.617881 1031546.518942
0.95000000000000062172 0.174534 0.085219 393.871804 0.145483 1031546.518942
0.96000000000000063061 0.174576 0.085258 398.018667 0.886004 1031546.518942
0.97000000000000063949 0.174673 0.085459 402.165372 1.487502 1031546.518942
0.98000000000000064837 0.174809 0.085930 406.311810 1.855961 1031546.518942
0.99000000000000065725 0.174963 0.086738 410.457917 1.934291 1031546.518942
1.00000000000000066613 0.175111 0.087896 414.603679 1.710999 1031546.518942
1.01000000000000067502 0.175231 0.089363 418.749137 1.221539 1031546.518942
1.02000000000000068390 0.175302 0.091050 422.894378 0.542416 1031546.518942
1.03000000000000069278 0.175315 0.092834 427.039523 -0.220829 1031546.518942
1.04000000000000070166 0.175268 0.094579 431.184707 -0.949833 1031546.518942
1.05000000000000071054 0.175167 0.096153 435.330060 -1.531449 1031546.518942
1.06000000000000071942 0.175028 0.097451 439.475684 -1.875041 1031546.518942
1.07000000000000072831 0.174874 0.098409 443.621642 -1.926556 1031546.518942
1.08000000000000073719 0.174727 0.099019 447.767945 -1.677222 1031546.518942
1.09000000000000074607 0.174611 0.099323 451.914547 -1.165355 1031546.518942
1.10000000000000075495 0.174545 0.099416 456.061358 -0.470736 1031546.518942
1.11000000000000076383 0.174538 0.099423 460.208253 0.297782 1031546.518942
1.12000000000000077272 0.174591 0.099484 464.355095 1.019547 1031546.518942
1.13000000000000078160 0.174697 0.099731 468.501755 1.581375 1031546.518942
1.14000000000000079048 0.174839 0.100265 472.648131 1.895553 1031546.518942
1.15000000000000079936 0.174994 0.101143 476.794169 1.913557 1031546.518942
1.16000000000000080824 0.175138 0.102367 480.939866 1.633318 1031546.518942
1.17000000000000081712 0.175249 0.103886 485.085272 1.099104 1031546.518942
1.18000000000000082601 0.175310 0.105603 489.230484 0.394287 1031546.518942
1.19000000000000083489 0.175311 0.107390 493.375626 -0.371671 1031546.518942
1.20000000000000084377 0.175252 0.109111 497.520834 -1.079996 1031546.518942
1.21000000000000085265 0.175142 0.110638 501.666233 -1.620691 1031546.518942
1.22000000000000086153 0.174998 0.111871 505.811921 -1.909390 1031546.518942
1.23000000000000087041 0.174843 0.112760 509.957948 -1.900518 1031546.518942
1.24000000000000087930 0.174701 0.113304 514.104315 -1.594717 1031546.518942
1.25000000000000088818 0.174594 0.113558 518.250967 -1.039193 1031546.518942
1.26000000000000089706 0.174538 0.113623 522.397805 -0.320657 1031546.518942
1.27000000000000090594 0.174543 0.113629 526.544701 0.448225 1031546.518942
1.28000000000000091482 0.174608 0.113717 530.691517 1.146739 1031546.518942
1.29000000000000092371 0.174723 0.114014 534.838127 1.665412 1031546.518942
1.30000000000000093259 0.174869 0.114614 538.984439 1.923384 1031546.518942
1.31000000000000094147 0.175024 0.115562 543.130407 1.880981 1031546.518942
1.32000000000000095035 0.175163 0.116850 547.276041 1.545554 1031546.518942
1.33000000000000095923 0.175265 0.118417 551.421401 0.969897 1031546.518942
1.34000000000000096811 0.175315 0.120158 555.566588 0.243732 1031546.518942
1.35000000000000097700 0.175304 0.121944 559.711732 -0.520225 1031546.518942
1.36000000000000098588 0.175233 0.123636 563.856969 -1.203503 1031546.518942
1.37000000000000099476 0.175115 0.125111 568.002418 -1.699928 1031546.518942
1.38000000000000100364 0.174968 0.126279 572.148171 -1.931924 1031546.518942
1.39000000000000101252 0.174813 0.127097 576.294267 -1.862689 1031546.518942
1.40000000000000102141 0.174676 0.127578 580.440696 -1.502295 1031546.518942
1.41000000000000103029 0.174578 0.127785 584.587394 -0.906558 1031546.518942
1.42000000000000103917 0.174534 0.127827 588.734255 -0.168577 1031546.518942
1.43000000000000104805 0.174552 0.127839 592.881146 0.595872 1031546.518942
1.44000000000000105693 0.174628 0.127959 597.027930 1.266787 1031546.518942
1.45000000000000106581 0.174750 0.128310 601.174487 1.739096 1031546.518942
1.46000000000000107470 0.174900 0.128976 605.320733 1.939289 1031546.518942
1.47000000000000108358 0.175053 0.129994 609.466633 1.836771 1031546.518942
1.48000000000000109246 0.175187 0.131344 613.612206 1.448254 1031546.518942
1.49000000000000110134 0.175280 0.132955 617.757522 0.834715 1031546.518942
1.50000000000000111022 0.175318 0.134716 621.902690 0.091676 1031546.518942
1.51000000000000111910 0.175294 0.136494 626.047842 -0.665577 1031546.518942
1.52000000000000112799 0.175213 0.138151 630.193112 -1.319594 1031546.518942
1.53000000000000113687 0.175088 0.139571 634.338616 -1.768668 1031546.518942
1.54000000000000114575 0.174937 0.140672 638.484434 -1.942498 1031546.518942
1.55000000000000115463 0.174784 0.141421 642.630599 -1.813298 1031546.518942
1.56000000000000116351 0.174653 0.141841 646.777088 -1.400527 1031546.518942
1.57000000000000117240 0.174565 0.142006 650.923828 -0.768272 1031546.518942
1.58000000000000118128 0.174533 0.142031 655.070705 -0.015447 1031546.518942
1.59000000000000119016 0.174562 0.142053 659.217586 0.739804 1031546.518942
1.60000000000000119904 0.174649 0.142210 663.364333 1.378947 1031546.518942
1.61000000000000120792 0.174778 0.142618 667.510834 1.801974 1031546.518942
1.62000000000000121680 0.174931 0.143353 671.657013 1.943173 1031546.518942
1.63000000000000122569 0.175082 0.144440 675.802845 1.781207 1031546.518942
1.64000000000000123457 0.175209 0.145848 679.948360 1.342020 1031546.518942
1.65000000000000124345 0.175292 0.147499 684.093637 0.694393 1031546.518942
1.66000000000000125233 0.175318 0.149274 688.238791 -0.060943 1031546.518942
1.67000000000000126121 0.175282 0.151039 692.383956 -0.806831 1031546.518942
1.68000000000000127010 0.175192 0.152658 696.529264 -1.427549 1031546.518942
1.69000000000000127898 0.175059 0.154020 700.674825 -1.826480 1031546.518942
1.70000000000000128786 0.174906 0.155051 704.820712 -1.941040 1031546.518942
1.71000000000000129674 0.174756 0.155732 708.966944 -1.752647 1031546.518942
1.72000000000000130562 0.174632 0.156093 713.113490 -1.290041 1031546.518942
1.73000000000000131450 0.174554 0.156221 717.260267 -0.625198 1031546.518942
1.74000000000000132339 0.174534 0.156234 721.407156 0.137780 1031546.518942
1.75000000000000133227 0.174575 0.156272 725.554021 0.879125 1031546.518942
1.76000000000000134115 0.174671 0.156471 729.700728 1.482525 1031546.518942
1.77000000000000135003 0.174807 0.156939 733.847169 1.853660 1031546.518942
1.78000000000000135891 0.174961 0.157743 737.993279 1.935020 1031546.518942
1.79000000000000136779 0.175110 0.158898 742.139044 1.714636 1031546.518942
1.80000000000000137668 0.175230 0.160362 746.284505 1.227513 1031546.518942
1.81000000000000138556 0.175302 0.162047 750.429748 0.549796 1031546.518942
1.82000000000000139444 0.175316 0.163832 754.574893 -0.213188 1031546.518942
1.83000000000000140332 0.175269 0.165578 758.720076 -0.943116 1031546.518942
1.84000000000000141220 0.175168 0.167154 762.865426 -1.526700 1031546.518942
1.85000000000000142109 0.175030 0.168455 767.011048 -1.873002 1031546.518942
1.86000000000000142997 0.174875 0.169417 771.157003 -1.927552 1031546.518942
1.87000000000000143885 0.174728 0.170030 775.303302 -1.681105 1031546.518942
1.88000000000000144773 0.174612 0.170337 779.449901 -1.171524 1031546.518942
1.89000000000000145661 0.174545 0.170431 783.596711 -0.478226 1031546.518942
1.90000000000000146549 0.174537 0.170438 787.743606 0.290148 1031546.518942
1.91000000000000147438 0.174590 0.170498 791.890449 1.012967 1031546.518942
1.92000000000000148326 0.174696 0.170742 796.037111 1.576877 1031546.518942
1.93000000000000149214 0.174837 0.171273 800.183491 1.893839 1031546.518942
1.94000000000000150102 0.174992 0.172148 804.329532 1.914886 1031546.518942
1.95000000000000150990 0.175137 0.173369 808.475232 1.637476 1031546.518942
1.96000000000000151879 0.175248 0.174885 812.620641 1.105439 1031546.518942
1.97000000000000152767 0.175309 0.176600 816.765854 0.401814 1031546.518942
1.98000000000000153655 0.175311 0.178388 820.910996 -0.364121 1031546.518942
1.99000000000000154543 0.175253 0.180110 825.056203 -1.073592 1031546.518942
2.00000000000000133227 0.175143 0.181639 829.201600 -1.616431 1031546.518942
2.01000000000000111910 0.175000 0.182876 833.347284 -1.907941 1031546.518942
2.02000000000000090594 0.174845 0.183768 837.493308 -1.902113 1031546.518942
2.03000000000000069278 0.174702 0.184315 841.639671 -1.599115 1031546.518942
2.04000000000000047962 0.174594 0.184572 845.786321 -1.045710 1031546.518942
2.05000000000000026645 0.174539 0.184638 849.933158 -0.328272 1031546.518942
2.06000000000000005329 0.174543 0.184644 854.080054 0.440707 1031546.518942
2.06999999999999984013 0.174607 0.184731 858.226871 1.140497 1031546.518942
2.07999999999999962697 0.174722 0.185025 862.373484 1.661423 1031546.518942
2.08999999999999941380 0.174867 0.185621 866.519799 1.922267 1031546.518942
2.09999999999999920064 0.175022 0.186566 870.665771 1.882902 1031546.518942
2.10999999999999898748 0.175162 0.187851 874.811408 1.550208 1031546.518942
2.11999999999999877431 0.175265 0.189415 878.956770 0.976554 1031546.518942
2.12999999999999856115 0.175315 0.191156 883.101958 0.251358 1031546.518942
2.13999999999999834799 0.175304 0.192942 887.247102 -0.512812 1031546.518942
2.14999999999999813483 0.175234 0.194635 891.392337 -1.197454 1031546.518942
2.15999999999999792166 0.175117 0.196113 895.537784 -1.696185 1031546.518942
2.16999999999999770850 0.174969 0.197284 899.683533 -1.931074 1031546.518942
2.17999999999999749534 0.174815 0.198106 903.829626 -1.864873 1031546.518942
2.18999999999999728217 0.174677 0.198590 907.976052 -1.507179 1031546.518942
2.19999999999999706901 0.174579 0.198799 912.122748 -0.913380 1031546.518942
2.20999999999999685585 0.174535 0.198843 916.269607 -0.176270 1031546.518942
2.21999999999999664269 0.174551 0.198854 920.416499 0.588517 1031546.518942
2.22999999999999642952 0.174627 0.198972 924.563284 1.260923 1031546.518942
2.23999999999999621636 0.174749 0.199320 928.709844 1.735640 1031546.518942
2.24999999999999600320 0.174898 0.199983 932.856093 1.938775 1031546.518942
2.25999999999999579003 0.175052 0.200998 937.001997 1.839272 1031546.518942
2.26999999999999557687 0.175186 0.202344 941.147573 1.453374 1031546.518942
2.27999999999999536371 0.175279 0.203953 945.292891 0.841654 1031546.518942
2.28999999999999515055 0.175317 0.205713 949.438060 0.099356 1031546.518942
2.29999999999999493738 0.175295 0.207492 953.583212 -0.658347 1031546.518942
2.30999999999999472422 0.175214 0.209151 957.728480 -1.313936 1031546.518942
2.31999999999999451106 0.175089 0.210574 961.873981 -1.765464 1031546.518942
2.32999999999999429789 0.174938 0.211678 966.019796 -1.942253 1031546.518942
2.33999999999999408473 0.174785 0.212430 970.165957 -1.816058 1031546.518942
2.34999999999999387157 0.174654 0.212853 974.312443 -1.405867 1031546.518942
2.35999999999999365841 0.174565 0.213020 978.459181 -0.775359 1031546.518942
2.36999999999999344524 0.174533 0.213046 982.606058 -0.023170 1031546.518942
2.37999999999999323208 0.174562 0.213068 986.752939 0.732658 1031546.518942
2.38999999999999301892 0.174648 0.213223 990.899689 1.373498 1031546.518942
2.39999999999999280575 0.174777 0.213628 995.046192 1.799072 1031546.518942
2.40999999999999259259 0.174929 0.214359 999.192374 1.943266 1031546.518942
2.41999999999999237943 0.175081 0.215442 1003.338210 1.784272 1031546.518942
2.42999999999999216627 0.175208 0.216848 1007.483728 1.347575 1031546.518942
2.43999999999999195310 0.175291 0.218497 1011.629007 0.701570 1031546.518942
2.44999999999999173994 0.175318 0.220272 1015.774162 -0.053258 1031546.518942
2.45999999999999152678 0.175283 0.222037 1019.919326 -0.799828 1031546.518942
2.46999999999999131362 0.175193 0.223658 1024.064632 -1.422317 1031546.518942
2.47999999999999110045 0.175061 0.225023 1028.210190 -1.823836 1031546.518942
2.48999999999999088729 0.174907 0.226058 1032.356073 -1.941402 1031546.518942
2.49999999999999067413 0.174757 0.226742 1036.502302 -1.755965 1031546.518942
2.50999999999999046096 0.174633 0.227107 1040.648845 -1.295804 1031546.518942
2.51999999999999024780 0.174554 0.227236 1044.795620 -0.632505 1031546.518942
2.52999999999999003464 0.174534 0.227249 1048.942509 0.130075 1031546.518942
2.53999999999998982148 0.174575 0.227287 1053.089374 0.872232 1031546.518942
2.54999999999998960831 0.174670 0.227483 1057.236083 1.477523 1031546.518942
2.55999999999998939515 0.174806 0.227948 1061.382528 1.851330 1031546.518942
2.56999999999998918199 0.174960 0.228749 1065.528641 1.935718 1031546.518942
2.57999999999998896882 0.175108 0.229900 1069.674410 1.718247 1031546.518942
2.58999999999998875566 0.175229 0.231362 1073.819873 1.233467 1031546.518942
2.59999999999998854250 0.175301 0.233045 1077.965118 0.557167 1031546.518942
2.60999999999998832934 0.175316 0.234829 1082.110263 -0.205544 1031546.518942
2.61999999999998811617 0.175269 0.236576 1086.255445 -0.936384 1031546.518942
2.62999999999998790301 0.175169 0.238155 1090.400793 -1.521927 1031546.518942
2.63999999999998768985 0.175031 0.239459 1094.546412 -1.870934 1031546.518942
2.64999999999998747668 0.174877 0.240424 1098.692363 -1.928519 1031546.518942
2.65999999999998726352 0.174730 0.241040 1102.838659 -1.684963 1031546.518942
2.66999999999998705036 0.174613 0.241350 1106.985256 -1.177674 1031546.518942
2.67999999999998683720 0.174545 0.241446 1111.132064 -0.485707 1031546.518942
2.68999999999998662403 0.174537 0.241453 1115.278959 0.282509 1031546.518942
2.69999999999998641087 0.174590 0.241512 1119.425803 1.006370 1031546.518942
2.70999999999998619771 0.174694 0.241754 1123.572468 1.572355 1031546.518942
2.71999999999998598454 0.174835 0.242282 1127.718850 1.892095 1031546.518942
2.72999999999998577138 0.174990 0.243153 1131.864895 1.916185 1031546.518942
2.73999999999998555822 0.175135 0.244370 1136.010598 1.641609 1031546.518942
2.74999999999998534506 0.175247 0.245884 1140.156010 1.111757 1031546.518942
2.75999999999998513189 0.175309 0.247598 1144.301225 0.409334 1031546.518942
2.76999999999998491873 0.175311 0.249386 1148.446367 -0.356564 1031546.518942
2.77999999999998470557 0.175253 0.251109 1152.591572 -1.067172 1031546.518942
2.78999999999998449240 0.175144 0.252640 1156.736966 -1.612146 1031546.518942
2.79999999999998427924 0.175001 0.253881 1160.882647 -1.906462 1031546.518942
2.80999999999998406608 0.174846 0.254776 1165.028667 -1.903678 1031546.518942
2.81999999999998385292 0.174703 0.255327 1169.175028 -1.603487 1031546.518942
2.82999999999998363975 0.174595 0.255586 1173.321675 -1.052209 1031546.518942
2.83999999999998342659 0.174539 0.255653 1177.468511 -0.335881 1031546.518942
2.84999999999998321343 0.174543 0.255660 1181.615407 0.433181 1031546.518942
2.85999999999998300027 0.174607 0.255745 1185.762225 1.134237 1031546.518942
2.86999999999998278710 0.174720 0.256036 1189.908840 1.657408 1031546.518942
2.87999999999998257394 0.174866 0.256629 1194.055159 1.921120 1031546.518942
2.88999999999998236078 0.175021 0.257570 1198.201135 1.884794 1031546.518942
2.89999999999998214761 0.175161 0.258852 1202.346775 1.554837 1031546.518942
2.90999999999998193445 0.175264 0.260414 1206.492139 0.983197 1031546.518942
2.91999999999998172129 0.175314 0.262153 1210.637328 0.258981 1031546.518942
2.92999999999998150813 0.175304 0.263939 1214.782472 -0.505391 1031546.518942
2.93999999999998129496 0.175235 0.265634 1218.927705 -1.191386 1031546.518942
2.94999999999998108180 0.175118 0.267115 1223.073150 -1.692415 1031546.518942
2.95999999999998086864 0.174971 0.268289 1227.218896 -1.930194 1031546.518942
2.96999999999998065547 0.174816 0.269115 1231.364985 -1.867028 1031546.518942
2.97999999999998044231 0.174679 0.269602 1235.511408 -1.512039 1031546.518942
2.98999999999998022915 0.174580 0.269814 1239.658102 -0.920189 1031546.518942
2.99999999999998001599 0.174535 0.269858 1243.804960 -0.183960 1031546.518942
3.00999999999997980282 0.174551 0.269869 1247.951852 0.581152 1031546.518942
3.01999999999997958966 0.174626 0.269986 1252.098639 1.255040 1031546.518942
3.02999999999997937650 0.174747 0.270331 1256.245202 1.732157 1031546.518942
3.03999999999997916333 0.174897 0.270990 1260.391454 1.938231 1031546.518942
3.04999999999997895017 0.175050 0.272001 1264.537361 1.841745 1031546.518942
3.05999999999997873701 0.175185 0.273345 1268.682941 1.458471 1031546.518942
3.06999999999997852385 0.175279 0.274951 1272.828261 0.848580 1031546.518942
3.07999999999997831068 0.175317 0.276711 1276.973431 0.107035 1031546.518942
3.08999999999997809752 0.175295 0.278490 1281.118581 -0.651106 1031546.518942
3.09999999999997788436 0.175216 0.280151 1285.263848 -1.308257 1031546.518942
3.10999999999997767119 0.175091 0.281577 1289.409346 -1.762232 1031546.518942
3.11999999999997745803 0.174940 0.282684 1293.555158 -1.941978 1031546.518942
3.12999999999997724487 0.174787 0.283440 1297.701316 -1.818790 1031546.518942
3.13999999999997703171 0.174655 0.283866 1301.847799 -1.411184 1031546.518942
3.14999999999997681854 0.174566 0.284035 1305.994535 -0.782434 1031546.518942
3.15999999999997660538 0.174533 0.284061 1310.141411 -0.030892 1031546.518942
3.16999999999997639222 0.174561 0.284082 1314.288293 0.725500 1031546.518942
3.17999999999997617905 0.174646 0.284235 1318.435044 1.368027 1031546.518942
3.18999999999997596589 0.174775 0.284637 1322.581551 1.796141 1031546.518942
3.19999999999997575273 0.174927 0.285365 1326.727736 1.943328 1031546.518942
3.20999999999997553957 0.175079 0.286445 1330.873575 1.787309 1031546.518942
3.21999999999997532640 0.175207 0.287848 1335.019096 1.353108 1031546.518942
3.22999999999997511324 0.175291 0.289495 1339.164377 0.708737 1031546.518942
3.23999999999997490008 0.175318 0.291269 1343.309532 -0.045571 1031546.518942
3.24999999999997468692 0.175284 0.293035 1347.454695 -0.792813 1031546.518942
3.25999999999997447375 0.175194 0.294658 1351.599999 -1.417063 1031546.518942
3.26999999999997426059 0.175062 0.296026 1355.745555 -1.821163 1031546.518942
3.27999999999997404743 0.174909 0.297065 1359.891434 -1.941733 1031546.518942
3.28999999999997383426 0.174758 0.297752 1364.037660 -1.759257 1031546.518942
3.29999999999997362110 0.174634 0.298120 1368.184200 -1.301547 1031546.518942
3.30999999999997340794 0.174555 0.298250 1372.330973 -0.639802 1031546.518942
3.31999999999997319478 0.174534 0.298265 1376.477862 0.122368 1031546.518942
3.32999999999997298161 0.174574 0.298301 1380.624728 0.865325 1031546.518942
3.33999999999997276845 0.174669 0.298495 1384.771439 1.472499 1031546.518942
3.34999999999997255529 0.174804 0.298957 1388.917887 1.848970 1031546.518942
3.35999999999997234212 0.174958 0.299755 1393.064004 1.936386 1031546.518942
3.36999999999997212896 0.175107 0.300902 1397.209776 1.721830 1031546.518942
3.37999999999997191580 0.175228 0.302361 1401.355242 1.239403 1031546.518942
3.38999999999997170264 0.175301 0.304043 1405.500488 0.564530 1031546.518942
3.39999999999997148947 0.175316 0.305827 1409.645634 -0.197896 1031546.518942
3.40999999999997127631 0.175270 0.307575 1413.790815 -0.929637 1031546.518942
3.41999999999997106315 0.175170 0.309156 1417.936161 -1.517129 1031546.518942
3.42999999999997084998 0.175033 0.310463 1422.081776 -1.868837 1031546.518942
3.43999999999997063682 0.174878 0.311432 1426.227724 -1.929455 1031546.518942
3.44999999999997042366 0.174731 0.312051 1430.374016 -1.688794 1031546.518942
3.45999999999997021050 0.174614 0.312364 1434.520610 -1.183806 1031546.518942
3.46999999999996999733 0.174546 0.312461 1438.667417 -0.493181 1031546.518942
3.47999999999996978417 0.174537 0.312469 1442.814312 0.274866 1031546.518942
3.48999999999996957101 0.174589 0.312526 1446.961157 0.999757 1031546.518942
3.49999999999996935784 0.174693 0.312766 1451.107824 1.567808 1031546.518942
3.50999999999996914468 0.174834 0.313290 1455.254210 1.890321 1031546.518942
3.51999999999996893152 0.174989 0.314158 1459.400258 1.917454 1031546.518942
3.52999999999996871836 0.175134 0.315372 1463.545965 1.645716 1031546.518942
3.53999999999996850519 0.175246 0.316883 1467.691379 1.118058 1031546.518942
3.54999999999996829203 0.175309 0.318596 1471.836595 0.416848 1031546.518942
3.55999999999996807887 0.175312 0.320383 1475.981737 -0.349003 1031546.518942
3.56999999999996786570 0.175254 0.322108 1480.126941 -1.060736 1031546.518942
3.57999999999996765254 0.175146 0.323642 1484.272333 -1.607836 1031546.518942
3.58999999999996743938 0.175003 0.324886 1488.418010 -1.904954 1031546.518942
3.59999999999996722622 0.174848 0.325785 1492.564027 -1.905214 1031546.518942
3.60999999999996701305 0.174705 0.326338 1496.710384 -1.607834 1031546.518942
3.61999999999996679989 0.174596 0.326600 1500.857029 -1.058692 1031546.518942
3.62999999999996658673 0.174539 0.326669 1505.003864 -0.343486 1031546.518942
3.63999999999996637357 0.174542 0.326675 1509.150760 0.425649 1031546.518942
3.64999999999996616040 0.174606 0.326758 1513.297580 1.127960 1031546.518942
3.65999999999996594724 0.174719 0.327047 1517.444197 1.653367 1031546.518942
3.66999999999996573408 0.174864 0.327637 1521.590519 1.919942 1031546.518942
3.67999999999996552091 0.175019 0.328574 1525.736498 1.886656 1031546.518942
3.68999999999996530775 0.175159 0.329853 1529.882142 1.559442 1031546.518942
3.69999999999996509459 0.175263 0.331413 1534.027508 0.989824 1031546.518942
3.70999999999996488143 0.175314 0.333151 1538.172699 0.266600 1031546.518942
3.71999999999996466826 0.175305 0.334937 1542.317842 -0.497962 1031546.518942
3.72999999999996445510 0.175236 0.336634 1546.463074 -1.185299 1031546.518942
3.73999999999996424194 0.175119 0.338117 1550.608516 -1.688618 1031546.518942
3.74999999999996402877 0.174972 0.339295 1554.754258 -1.929284 1031546.518942
3.75999999999996381561 0.174818 0.340124 1558.900344 -1.869154 1031546.518942
3.76999999999996360245 0.174680 0.340614 1563.046764 -1.516875 1031546.518942
3.77999999999996338929 0.174580 0.340828 1567.193455 -0.926983 1031546.518942
3.78999999999996317612 0.174535 0.340873 1571.340313 -0.191648 1031546.518942
3.79999999999996296296 0.174550 0.340884 1575.487205 0.573779 1031546.518942
3.80999999999996274980 0.174625 0.340999 1579.633994 1.249136 1031546.518942
3.81999999999996253663 0.174746 0.341341 1583.780559 1.728646 1031546.518942
3.82999999999996232347 0.174895 0.341997 1587.926815 1.937656 1031546.518942
3.83999999999996211031 0.175049 0.343005 1592.072726 1.844188 1031546.518942
3.84999999999996189715 0.175183 0.344345 1596.218308 1.463545 1031546.518942
3.85999999999996168398 0.175278 0.345950 1600.363630 0.855492 1031546.518942
3.86999999999996147082 0.175317 0.347708 1604.508801 0.114711 1031546.518942
3.87999999999996125766 0.175296 0.349488 1608.653951 -0.643855 1031546.518942
3.88999999999996104449 0.175217 0.351151 1612.799216 -1.302558 1031546.518942
3.89999999999996083133 0.175092 0.352579 1616.944711 -1.758973 1031546.518942
3.90999999999996061817 0.174941 0.353690 1621.090520 -1.941672 1031546.518942
3.91999999999996040501 0.174788 0.354450 1625.236674 -1.821492 1031546.518942
3.92999999999996019184 0.174656 0.354878 1629.383154 -1.416480 1031546.518942
3.93999999999995997868 0.174567 0.355049 1633.529888 -0.789496 1031546.518942
3.94999999999995976552 0.174533 0.355077 1637.676764 -0.038615 1031546.518942
3.95999999999995955235 0.174561 0.355097 1641.823646 0.718330 1031546.518942
3.96999999999995933919 0.174645 0.355248 1645.970399 1.362534 1031546.518942
3.97999999999995912603 0.174774 0.355647 1650.116909 1.793183 1031546.518942
3.98999999999995891287 0.174926 0.356372 1654.263098 1.943359 1031546.518942
3.99999999999995869970 0.175078 0.357448 1658.408940 1.790319 1031546.518942
4.00999999999995893063 0.175206 0.358848 1662.554464 1.358620 1031546.518942
4.01999999999995871747 0.175290 0.360493 1666.699746 0.715892 1031546.518942
4.02999999999995850430 0.175318 0.362266 1670.844902 -0.037883 1031546.518942
4.03999999999995829114 0.175284 0.364033 1674.990065 -0.785785 1031546.518942
4.04999999999995807798 0.175195 0.365659 1679.135367 -1.411787 1031546.518942
4.05999999999995786482 0.175064 0.367029 1683.280919 -1.818461 1031546.518942
4.06999999999995765165 0.174910 0.368072 1687.426795 -1.942033 1031546.518942
4.07999999999995743849 0.174760 0.368762 1691.573017 -1.762520 1031546.518942
4.08999999999995722533 0.174635 0.369133 1695.719555 -1.307269 1031546.518942
4.09999999999995701216 0.174555 0.369265 1699.866327 -0.647089 1031546.518942
4.10999999999995679900 0.174534 0.369280 1704.013214 0.114659 1031546.518942
4.11999999999995658584 0.174573 0.369316 1708.160082 0.858404 1031546.518942
4.12999999999995637268 0.174668 0.369508 1712.306795 1.467451 1031546.518942
4.13999999999995615951 0.174803 0.369966 1716.453245 1.846582 1031546.518942
4.14999999999995594635 0.174957 0.370760 1720.599366 1.937023 1031546.518942
4.15999999999995573319 0.175106 0.371905 1724.745141 1.725386 1031546.518942
4.16999999999995552002 0.175227 0.373361 1728.890610 1.245319 1031546.518942
4.17999999999995530686 0.175301 0.375041 1733.035858 0.571884 1031546.518942
4.18999999999995509370 0.175316 0.376824 1737.181004 -0.190245 1031546.518942
4.19999999999995488054 0.175271 0.378573 1741.326184 -0.922876 1031546.518942
4.20999999999995466737 0.175172 0.380156 1745.471528 -1.512309 1031546.518942
4.21999999999995445421 0.175034 0.381467 1749.617140 -1.866710 1031546.518942
4.22999999999995424105 0.174880 0.382439 1753.763084 -1.930360 1031546.518942
4.23999999999995402788 0.174732 0.383062 1757.909373 -1.692598 1031546.518942
4.24999999999995381472 0.174615 0.383377 1762.055965 -1.189919 1031546.518942
4.25999999999995360156 0.174546 0.383476 1766.202770 -0.500648 1031546.518942
4.26999999999995338840 0.174537 0.383484 1770.349665 0.267218 1031546.518942
4.27999999999995317523 0.174588 0.383540 1774.496511 0.993128 1031546.518942
4.28999999999995296207 0.174692 0.383777 1778.643180 1.563237 1031546.518942
4.29999999999995274891 0.174832 0.384299 1782.789569 1.888517 1031546.518942
4.30999999999995253575 0.174987 0.385163 1786.935621 1.918693 1031546.518942
4.31999999999995232258 0.175133 0.386373 1791.081331 1.649797 1031546.518942
4.32999999999995210942 0.175245 0.387882 1795.226747 1.124341 1031546.518942
4.33999999999995189626 0.175308 0.389593 1799.371965 0.424355 1031546.518942
4.34999999999995168309 0.175312 0.391381 1803.517107 -0.341436 1031546.518942
4.35999999999995146993 0.175255 0.393107 1807.662310 -1.054283 1031546.518942
4.36999999999995125677 0.175147 0.394643 1811.807699 -1.603500 1031546.518942
4.37999999999995104361 0.175004 0.395890 1815.953374 -1.903415 1031546.518942
4.38999999999995083044 0.174849 0.396793 1820.099387 -1.906719 1031546.518942
4.39999999999995061728 0.174706 0.397350 1824.245741 -1.612155 1031546.518942
4.40999999999995040412 0.174597 0.397614 1828.392383 -1.065158 1031546.518942
4.41999999999995019095 0.174539 0.397684 1832.539216 -0.351084 1031546.518942
4.42999999999994997779 0.174542 0.397690 1836.686113 0.418111 1031546.518942
4.43999999999994976463 0.174605 0.397772 1840.832934 1.121664 1031546.518942
4.44999999999994955147 0.174718 0.398059 1844.979554 1.649299 1031546.518942
4.45999999999994933830 0.174863 0.398645 1849.125879 1.918734 1031546.518942
4.46999999999994912514 0.175018 0.399579 1853.271862 1.888489 1031546.518942
4.47999999999994891198 0.175158 0.400854 1857.417508 1.564022 1031546.518942
4.48999999999994869881 0.175262 0.402412 1861.562877 0.996435 1031546.518942
4.49999999999994848565 0.175314 0.404149 1865.708069 0.274215 1031546.518942
4.50999999999994827249 0.175305 0.405935 1869.853212 -0.490525 1031546.518942
4.51999999999994805933 0.175237 0.407633 1873.998443 -1.179194 1031546.518942
4.52999999999994784616 0.175121 0.409119 1878.143882 -1.684795 1031546.518942
4.53999999999994763300 0.174974 0.410300 1882.289621 -1.928344 1031546.518942
4.54999999999994741984 0.174819 0.411133 1886.435703 -1.871250 1031546.518942
4.55999999999994720667 0.174681 0.411626 1890.582120 -1.521687 1031546.518942
4.56999999999994699351 0.174581 0.411842 1894.728809 -0.933762 1031546.518942
4.57999999999994678035 0.174535 0.411889 1898.875666 -0.199332 1031546.518942
4.58999999999994656719 0.174550 0.411899 1903.022558 0.566396 1031546.518942
4.59999999999994635402 0.174624 0.412012 1907.169349 1.243213 1031546.518942
4.60999999999994614086 0.174744 0.412352 1911.315917 1.725108 1031546.518942
4.61999999999994592770 0.174893 0.413004 1915.462176 1.937051 1031546.518942
4.62999999999994571453 0.175047 0.414008 1919.608090 1.846603 1031546.518942
4.63999999999994550137 0.175182 0.415346 1923.753675 1.468596 1031546.518942
4.64999999999994528821 0.175277 0.416948 1927.899000 0.862391 1031546.518942
4.65999999999994507505 0.175317 0.418706 1932.044171 0.122386 1031546.518942
4.66999999999994486188 0.175296 0.420486 1936.189321 -0.636595 1031546.518942
4.67999999999994464872 0.175218 0.422151 1940.334584 -1.296838 1031546.518942
4.68999999999994443556 0.175093 0.423582 1944.480077 -1.755686 1031546.518942
4.69999999999994422240 0.174943 0.424696 1948.625882 -1.941335 1031546.518942
4.70999999999994400923 0.174790 0.425459 1952.772033 -1.824167 1031546.518942
4.71999999999994379607 0.174658 0.425891 1956.918510 -1.421753 1031546.518942
4.72999999999994358291 0.174567 0.426064 1961.065242 -0.796546 1031546.518942
4.73999999999994336974 0.174533 0.426092 1965.212116 -0.046336 1031546.518942
4.74999999999994315658 0.174560 0.426112 1969.358999 0.711149 1031546.518942
4.75999999999994294342 0.174644 0.426261 1973.505755 1.357020 1031546.518942
4.76999999999994273026 0.174772 0.426657 1977.652267 1.790196 1031546.518942
4.77999999999994251709 0.174924 0.427378 1981.798459 1.943360 1031546.518942
4.78999999999994230393 0.175076 0.428451 1985.944305 1.793300 1031546.518942
4.79999999999994209077 0.175205 0.429848 1990.089832 1.364111 1031546.518942
4.80999999999994187760 0.175290 0.431491 1994.235116 0.723036 1031546.518942
4.81999999999994166444 0.175318 0.433264 1998.380273 -0.030195 1031546.518942
4.82999999999994145128 0.175285 0.435032 2002.525434 -0.778745 1031546.518942
4.83999999999994123812 0.175196 0.436659 2006.670734 -1.406488 1031546.518942
4.84999999999994102495 0.175065 0.438033 2010.816284 -1.815731 1031546.518942
4.85999999999994081179 0.174912 0.439078 2014.962156 -1.942304 1031546.518942
4.86999999999994059863 0.174761 0.439772 2019.108375 -1.765756 1031546.518942
4.87999999999994038546 0.174636 0.440146 2023.254910 -1.312970 1031546.518942
4.88999999999994017230 0.174556 0.440280 2027.401680 -0.654366 1031546.518942
4.89999999999993995914 0.174534 0.440295 2031.548567 0.106948 1031546.518942
4.90999999999993974598 0.174573 0.440330 2035.695435 0.851470 1031546.518942
4.91999999999993953281 0.174667 0.440520 2039.842151 1.462380 1031546.518942
4.92999999999993931965 0.174801 0.440976 2043.988604 1.844164 1031546.518942
4.93999999999993910649 0.174955 0.441766 2048.134728 1.937630 1031546.518942
4.94999999999993889332 0.175104 0.442907 2052.280507 1.728915 1031546.518942
4.95999999999993868016 0.175226 0.444360 2056.425978 1.251215 1031546.518942
4.96999999999993846700 0.175300 0.446039 2060.571228 0.579229 1031546.518942
4.97999999999993825384 0.175316 0.447822 2064.716374 -0.182591 1031546.518942
4.98999999999993804067 0.175272 0.449572 2068.861553 -0.916100 1031546.518942
4.99999999999993782751 0.175173 0.451157 2073.006895 -1.507464 1031546.518942
