4.00000000000000000000 0.175078 0.357448 1658.408940 0.014379 0.124736 414.567401 1031107.354375 439.163930 1031546.518305 4897.354028 414.690230
3.99000000000000021316 0.174926 0.356372 1654.263098 0.015608 0.090067 414.601537 1031107.342577 439.175728 1031546.518305 4897.354028 414.690230
3.98000000000000042633 0.174774 0.355647 1650.116909 0.014402 0.055281 414.635791 1031107.330780 439.187525 1031546.518305 4897.354028 414.690230
3.97000000000000063949 0.174646 0.355248 1645.970399 0.010943 0.025831 414.664792 1031107.320824 439.197481 1031546.518305 4897.354028 414.690230
3.96000000000000085265 0.174561 0.355097 1641.823646 0.005769 0.006377 414.683950 1031107.314263 439.204042 1031546.518305 4897.354028 414.690230
3.95000000000000106581 0.174533 0.355077 1637.676764 -0.000310 0.000016 414.690215 1031107.312120 439.206185 1031546.518305 4897.354028 414.690230
3.94000000000000127898 0.174567 0.355049 1633.529888 -0.006341 0.007765 414.682583 1031107.314731 439.203574 1031546.518305 4897.354028 414.690230
3.93000000000000149214 0.174657 0.354878 1629.383154 -0.011377 0.028387 414.662275 1031107.321687 439.196618 1031546.518305 4897.354028 414.690230
3.92000000000000170530 0.174788 0.354449 1625.236674 -0.014629 0.058598 414.632525 1031107.331903 439.186402 1031546.518305 4897.354028 414.690230
3.91000000000000191847 0.174942 0.353690 1621.090520 -0.015595 0.093623 414.598036 1031107.343785 439.174519 1031546.518305 4897.354028 414.690230
3.90000000000000213163 0.175092 0.352579 1616.944711 -0.014127 0.127976 414.564211 1031107.355480 439.162825 1031546.518305 4897.354028 414.690230
3.89000000000000234479 0.175217 0.351151 1612.799216 -0.010461 0.156329 414.536294 1031107.365162 439.153143 1031546.518305 4897.354028 414.690230
3.88000000000000255795 0.175296 0.349487 1608.653951 -0.005171 0.174324 414.518578 1031107.371321 439.146984 1031546.518305 4897.354028 414.690230
3.87000000000000277112 0.175318 0.347708 1604.508801 0.000921 0.179211 414.513766 1031107.372996 439.145309 1031546.518305 4897.354028 414.690230
3.86000000000000298428 0.175278 0.345950 1600.363630 0.006871 0.170248 414.522591 1031107.369925 439.148380 1031546.518305 4897.354028 414.690230
3.85000000000000319744 0.175184 0.344345 1596.218308 0.011755 0.148799 414.543709 1031107.362588 439.155717 1031546.518305 4897.354028 414.690230
3.84000000000000341061 0.175049 0.343004 1592.072726 0.014812 0.118145 414.573890 1031107.352129 439.166176 1031546.518305 4897.354028 414.690230
3.83000000000000362377 0.174895 0.341997 1587.926815 0.015562 0.083011 414.608485 1031107.340181 439.178124 1031546.518305 4897.354028 414.690230
3.82000000000000383693 0.174746 0.341341 1583.780559 0.013884 0.048862 414.642113 1031107.328607 439.189698 1031546.518305 4897.354028 414.690230
3.81000000000000405009 0.174625 0.340999 1579.633994 0.010032 0.021061 414.669490 1031107.319214 439.199091 1031546.518305 4897.354028 414.690230
3.80000000000000426326 0.174551 0.340884 1575.487205 0.004608 0.004013 414.686278 1031107.313466 439.204838 1031546.518305 4897.354028 414.690230
3.79000000000000447642 0.174535 0.340873 1571.340313 -0.001539 0.000437 414.689800 1031107.312262 439.206043 1031546.518305 4897.354028 414.690230
3.78000000000000468958 0.174581 0.340828 1567.193455 -0.007445 0.010904 414.679492 1031107.315788 439.202516 1031546.518305 4897.354028 414.690230
3.77000000000000490274 0.174680 0.340614 1563.046764 -0.012183 0.033742 414.657002 1031107.323495 439.194810 1031546.518305 4897.354028 414.690230
3.76000000000000511591 0.174818 0.340124 1558.900344 -0.015012 0.065320 414.625906 1031107.334180 439.184125 1031546.518305 4897.354028 414.690230
3.75000000000000532907 0.174972 0.339295 1554.754258 -0.015495 0.100655 414.591112 1031107.346176 439.172129 1031546.518305 4897.354028 414.690230
3.74000000000000554223 0.175120 0.338117 1550.608516 -0.013562 0.134223 414.558060 1031107.357611 439.160694 1031546.518305 4897.354028 414.690230
3.73000000000000575540 0.175237 0.336634 1546.463074 -0.009520 0.160828 414.531865 1031107.366701 439.151604 1031546.518305 4897.354028 414.690230
3.72000000000000596856 0.175305 0.334937 1542.317842 -0.003999 0.176386 414.516548 1031107.372028 439.146277 1031546.518305 4897.354028 414.690230
3.71000000000000618172 0.175315 0.333151 1538.172699 0.002141 0.178523 414.514444 1031107.372760 439.145545 1031546.518305 4897.354028 414.690230
3.70000000000000639488 0.175263 0.331413 1534.027508 0.007950 0.166913 414.525874 1031107.368783 439.149521 1031546.518305 4897.354028 414.690230
3.69000000000000660805 0.175160 0.329853 1529.882142 0.012525 0.143327 414.549096 1031107.360719 439.157586 1031546.518305 4897.354028 414.690230
3.68000000000000682121 0.175019 0.328574 1525.736499 0.015153 0.111377 414.580555 1031107.349824 439.168481 1031546.518305 4897.354028 414.690230
3.67000000000000703437 0.174864 0.327637 1521.590519 0.015420 0.075994 414.615395 1031107.337799 439.180505 1031546.518305 4897.354028 414.690230
3.66000000000000724754 0.174719 0.327047 1517.444198 0.013279 0.042694 414.648186 1031107.326521 439.191784 1031546.518305 4897.354028 414.690230
3.65000000000000746070 0.174606 0.326758 1513.297580 0.009059 0.016717 414.673767 1031107.317748 439.200556 1031546.518305 4897.354028 414.690230
3.64000000000000767386 0.174543 0.326675 1509.150760 0.003419 0.002185 414.688078 1031107.312851 439.205454 1031546.518305 4897.354028 414.690230
3.63000000000000788702 0.174539 0.326668 1505.003864 -0.002759 0.001416 414.688836 1031107.312592 439.205713 1031546.518305 4897.354028 414.690230
3.62000000000000810019 0.174596 0.326600 1500.857029 -0.008503 0.014534 414.675917 1031107.317012 439.201293 1031546.518305 4897.354028 414.690230
3.61000000000000831335 0.174705 0.326338 1496.710384 -0.012913 0.039444 414.651387 1031107.325422 439.192883 1031546.518305 4897.354028 414.690230
3.60000000000000852651 0.174848 0.325785 1492.564027 -0.015302 0.072191 414.619140 1031107.336509 439.181795 1031546.518305 4897.354028 414.690230
3.59000000000000873968 0.175003 0.324885 1488.418010 -0.015300 0.107617 414.584257 1031107.348544 439.169760 1031546.518305 4897.354028 414.690230
3.58000000000000895284 0.175146 0.323642 1484.272333 -0.012913 0.140194 414.552181 1031107.359649 439.158656 1031546.518305 4897.354028 414.690230
3.57000000000000916600 0.175254 0.322108 1480.126941 -0.008519 0.164889 414.527867 1031107.368090 439.150214 1031546.518305 4897.354028 414.690230
3.56000000000000937916 0.175312 0.320383 1475.981737 -0.002803 0.177915 414.515042 1031107.372552 439.145753 1031546.518305 4897.354028 414.690230
3.55000000000000959233 0.175309 0.318595 1471.836595 0.003348 0.177288 414.515659 1031107.372337 439.145968 1031546.518305 4897.354028 414.690230
3.54000000000000980549 0.175247 0.316883 1467.691379 0.008980 0.163103 414.529625 1031107.367479 439.150825 1031546.518305 4897.354028 414.690230
3.53000000000001001865 0.175134 0.315372 1463.545965 0.013218 0.137523 414.554811 1031107.358737 439.159568 1031546.518305 4897.354028 414.690230
3.52000000000001023182 0.174989 0.314157 1459.400258 0.015400 0.104472 414.587354 1031107.347474 439.170831 1031546.518305 4897.354028 414.690230
3.51000000000001044498 0.174834 0.313290 1455.254210 0.015182 0.069060 414.622223 1031107.335448 439.182857 1031546.518305 4897.354028 414.690230
3.50000000000001065814 0.174693 0.312766 1451.107824 0.012592 0.036818 414.653973 1031107.324534 439.193770 1031546.518305 4897.354028 414.690230
3.49000000000001087130 0.174589 0.312526 1446.961158 0.008029 0.012828 414.677597 1031107.316437 439.201868 1031546.518305 4897.354028 414.690230
3.48000000000001108447 0.174537 0.312469 1442.814312 0.002207 0.000903 414.689341 1031107.312419 439.205886 1031546.518305 4897.354028 414.690230
3.47000000000001129763 0.174546 0.312461 1438.667417 -0.003961 0.002947 414.687328 1031107.313107 439.205198 1031546.518305 4897.354028 414.690230
3.46000000000001151079 0.174614 0.312364 1434.520610 -0.009508 0.018632 414.671881 1031107.318394 439.199910 1031546.518305 4897.354028 414.690230
3.45000000000001172396 0.174731 0.312051 1430.374016 -0.013564 0.045457 414.645465 1031107.327455 439.190849 1031546.518305 4897.354028 414.690230
3.44000000000001193712 0.174878 0.311432 1426.227724 -0.015496 0.079169 414.612269 1031107.338876 439.179428 1031546.518305 4897.354028 414.690230
3.43000000000001215028 0.175033 0.310462 1422.081776 -0.015010 0.114465 414.577514 1031107.350876 439.167429 1031546.518305 4897.354028 414.690230
3.42000000000001236344 0.175171 0.309155 1417.936161 -0.012185 0.145852 414.546611 1031107.361581 439.156724 1031546.518305 4897.354028 414.690230
3.41000000000001257661 0.175270 0.307575 1413.790815 -0.007466 0.168486 414.524326 1031107.369322 439.148983 1031546.518305 4897.354028 414.690230
3.40000000000001278977 0.175316 0.305827 1409.645634 -0.001589 0.178903 414.514070 1031107.372890 439.145415 1031546.518305 4897.354028 414.690230
3.39000000000001300293 0.175301 0.304043 1405.500488 0.004534 0.175516 414.517404 1031107.371730 439.146575 1031546.518305 4897.354028 414.690230
3.38000000000001321609 0.175228 0.302361 1401.355242 0.009954 0.158841 414.533821 1031107.366021 439.152284 1031546.518305 4897.354028 414.690230
3.37000000000001342926 0.175107 0.300902 1397.209776 0.013829 0.131423 414.560817 1031107.356655 439.161649 1031546.518305 4897.354028 414.690230
3.36000000000001364242 0.174958 0.299754 1393.064004 0.015552 0.097473 414.594246 1031107.345094 439.173211 1031546.518305 4897.354028 414.690230
3.35000000000001385558 0.174804 0.298957 1388.917887 0.014850 0.062251 414.628928 1031107.333140 439.185165 1031546.518305 4897.354028 414.690230
3.34000000000001406875 0.174669 0.298495 1384.771439 0.011826 0.031269 414.659437 1031107.322660 439.195645 1031546.518305 4897.354028 414.690230
3.33000000000001428191 0.174574 0.298301 1380.624728 0.006950 0.009418 414.680955 1031107.315288 439.203017 1031546.518305 4897.354028 414.690230
3.32000000000001449507 0.174534 0.298264 1376.477862 0.000983 0.000176 414.690056 1031107.312174 439.206130 1031546.518305 4897.354028 414.690230
3.31000000000001470823 0.174555 0.298250 1372.330974 -0.005139 0.005019 414.685287 1031107.313805 439.204499 1031546.518305 4897.354028 414.690230
3.30000000000001492140 0.174634 0.298119 1368.184200 -0.010453 0.023173 414.667410 1031107.319926 439.198378 1031546.518305 4897.354028 414.690230
3.29000000000001513456 0.174759 0.297752 1364.037660 -0.014130 0.051744 414.639275 1031107.329582 439.188722 1031546.518305 4897.354028 414.690230
3.28000000000001534772 0.174909 0.297065 1359.891434 -0.015595 0.086209 414.605337 1031107.341266 439.177038 1031546.518305 4897.354028 414.690230
3.27000000000001556089 0.175062 0.296026 1355.745555 -0.014627 0.121159 414.570923 1031107.353156 439.165149 1031546.518305 4897.354028 414.690230
3.26000000000001577405 0.175194 0.294658 1351.599999 -0.011381 0.151162 414.541382 1031107.363395 439.154909 1031546.518305 4897.354028 414.690230
3.25000000000001598721 0.175284 0.293035 1347.454695 -0.006367 0.171598 414.521262 1031107.370387 439.147917 1031546.518305 4897.354028 414.690230
3.24000000000001620037 0.175318 0.291269 1343.309532 -0.000366 0.179342 414.513637 1031107.373041 439.145264 1031546.518305 4897.354028 414.690230
3.23000000000001641354 0.175291 0.289495 1339.164377 0.005692 0.173216 414.519668 1031107.370942 439.147363 1031546.518305 4897.354028 414.690230
3.22000000000001662670 0.175207 0.287848 1335.019096 0.010868 0.154152 414.538438 1031107.364418 439.153887 1031546.518305 4897.354028 414.690230
3.21000000000001683986 0.175079 0.286445 1330.873575 0.014355 0.125063 414.567079 1031107.354486 439.163818 1031546.518305 4897.354028 414.690230
3.20000000000001705303 0.174928 0.285365 1326.727736 0.015608 0.090423 414.601187 1031107.342698 439.175607 1031546.518305 4897.354028 414.690230
3.19000000000001726619 0.174775 0.284637 1322.581551 0.014426 0.055610 414.635467 1031107.330891 439.187414 1031546.518305 4897.354028 414.690230
3.18000000000001747935 0.174647 0.284235 1318.435044 0.010987 0.026082 414.664545 1031107.320908 439.197396 1031546.518305 4897.354028 414.690230
3.17000000000001769251 0.174561 0.284082 1314.288293 0.005827 0.006509 414.683820 1031107.314307 439.203997 1031546.518305 4897.354028 414.690230
3.16000000000001790568 0.174533 0.284061 1310.141411 -0.000248 0.000009 414.690221 1031107.312118 439.206187 1031546.518305 4897.354028 414.690230
3.15000000000001811884 0.174566 0.284035 1305.994535 -0.006284 0.007620 414.682726 1031107.314682 439.203623 1031546.518305 4897.354028 414.690230
3.14000000000001833200 0.174656 0.283866 1301.847799 -0.011334 0.028127 414.662531 1031107.321599 439.196706 1031546.518305 4897.354028 414.690230
3.13000000000001854517 0.174787 0.283440 1297.701316 -0.014608 0.058264 414.632854 1031107.331790 439.186515 1031546.518305 4897.354028 414.690230
3.12000000000001875833 0.174940 0.282684 1293.555158 -0.015597 0.093268 414.598386 1031107.343665 439.174640 1031546.518305 4897.354028 414.690230
3.11000000000001897149 0.175091 0.281577 1289.409346 -0.014153 0.127655 414.564527 1031107.355370 439.162934 1031546.518305 4897.354028 414.690230
3.10000000000001918465 0.175216 0.280151 1285.263848 -0.010507 0.156092 414.536528 1031107.365081 439.153224 1031546.518305 4897.354028 414.690230
3.09000000000001939782 0.175295 0.278489 1281.118582 -0.005229 0.174206 414.518694 1031107.371281 439.147024 1031546.518305 4897.354028 414.690230
3.08000000000001961098 0.175318 0.276711 1276.973431 0.000860 0.179231 414.513746 1031107.373003 439.145302 1031546.518305 4897.354028 414.690230
3.07000000000001982414 0.175279 0.274951 1272.828261 0.006815 0.170403 414.522438 1031107.369978 439.148327 1031546.518305 4897.354028 414.690230
3.06000000000002003731 0.175185 0.273345 1268.682941 0.011714 0.149065 414.543446 1031107.362679 439.155626 1031546.518305 4897.354028 414.690230
3.05000000000002025047 0.175051 0.272001 1264.537362 0.014792 0.118482 414.573559 1031107.352244 439.166061 1031546.518305 4897.354028 414.690230
3.04000000000002046363 0.174897 0.270990 1260.391455 0.015567 0.083366 414.608136 1031107.340301 439.178003 1031546.518305 4897.354028 414.690230
3.03000000000002067679 0.174747 0.270330 1256.245202 0.013912 0.049179 414.641800 1031107.328714 439.189590 1031546.518305 4897.354028 414.690230
3.02000000000002088996 0.174626 0.269985 1252.098639 0.010080 0.021291 414.669263 1031107.319291 439.199013 1031546.518305 4897.354028 414.690230
3.01000000000002110312 0.174551 0.269869 1247.951852 0.004667 0.004119 414.686173 1031107.313502 439.204803 1031546.518305 4897.354028 414.690230
3.00000000000002131628 0.174535 0.269858 1243.804960 -0.001478 0.000402 414.689834 1031107.312250 439.206054 1031546.518305 4897.354028 414.690230
2.99000000000002152944 0.174580 0.269814 1239.658102 -0.007391 0.010734 414.679660 1031107.315731 439.202574 1031546.518305 4897.354028 414.690230
2.98000000000002174261 0.174679 0.269602 1235.511408 -0.012144 0.033464 414.657276 1031107.323401 439.194904 1031546.518305 4897.354028 414.690230
2.97000000000002195577 0.174816 0.269115 1231.364985 -0.014995 0.064978 414.626243 1031107.334064 439.184241 1031546.518305 4897.354028 414.690230
2.96000000000002216893 0.174971 0.268289 1227.218896 -0.015502 0.100302 414.591459 1031107.346056 439.172249 1031546.518305 4897.354028 414.690230
2.95000000000002238210 0.175118 0.267115 1223.073150 -0.013593 0.133915 414.558363 1031107.357506 439.160799 1031546.518305 4897.354028 414.690230
2.94000000000002259526 0.175236 0.265634 1218.927706 -0.009569 0.160612 414.532078 1031107.366627 439.151678 1031546.518305 4897.354028 414.690230
2.93000000000002280842 0.175305 0.263939 1214.782472 -0.004059 0.176295 414.516637 1031107.371996 439.146308 1031546.518305 4897.354028 414.690230
2.92000000000002302158 0.175315 0.262153 1210.637329 0.002080 0.178571 414.514397 1031107.372776 439.145528 1031546.518305 4897.354028 414.690230
2.91000000000002323475 0.175264 0.260414 1206.492139 0.007897 0.167093 414.525697 1031107.368845 439.149460 1031546.518305 4897.354028 414.690230
2.90000000000002344791 0.175161 0.258852 1202.346775 0.012488 0.143611 414.548816 1031107.360816 439.157489 1031546.518305 4897.354028 414.690230
2.89000000000002366107 0.175021 0.257570 1198.201135 0.015138 0.111721 414.580216 1031107.349941 439.168363 1031546.518305 4897.354028 414.690230
2.88000000000002387424 0.174866 0.256629 1194.055159 0.015430 0.076346 414.615048 1031107.337919 439.180386 1031546.518305 4897.354028 414.690230
2.87000000000002408740 0.174720 0.256036 1189.908841 0.013311 0.042998 414.647887 1031107.326624 439.191681 1031546.518305 4897.354028 414.690230
2.86000000000002430056 0.174607 0.255745 1185.762226 0.009110 0.016925 414.673562 1031107.317819 439.200486 1031546.518305 4897.354028 414.690230
2.85000000000002451372 0.174543 0.255659 1181.615407 0.003479 0.002264 414.688001 1031107.312877 439.205428 1031546.518305 4897.354028 414.690230
2.84000000000002472689 0.174539 0.255653 1177.468511 -0.002698 0.001353 414.688897 1031107.312571 439.205734 1031546.518305 4897.354028 414.690230
2.83000000000002494005 0.174596 0.255586 1173.321675 -0.008451 0.014339 414.676109 1031107.316947 439.201358 1031546.518305 4897.354028 414.690230
2.82000000000002515321 0.174704 0.255327 1169.175028 -0.012879 0.039149 414.651677 1031107.325322 439.192982 1031546.518305 4897.354028 414.690230
2.81000000000002536638 0.174846 0.254776 1165.028668 -0.015289 0.071842 414.619483 1031107.336391 439.181914 1031546.518305 4897.354028 414.690230
2.80000000000002557954 0.175001 0.253881 1160.882647 -0.015312 0.107269 414.584600 1031107.348426 439.169879 1031546.518305 4897.354028 414.690230
2.79000000000002579270 0.175145 0.252640 1156.736966 -0.012948 0.139901 414.552470 1031107.359549 439.158756 1031546.518305 4897.354028 414.690230
2.78000000000002600586 0.175254 0.251109 1152.591572 -0.008571 0.164695 414.528058 1031107.368024 439.150281 1031546.518305 4897.354028 414.690230
2.77000000000002621903 0.175312 0.249385 1148.446367 -0.002864 0.177851 414.515105 1031107.372530 439.145775 1031546.518305 4897.354028 414.690230
2.76000000000002643219 0.175309 0.247598 1144.301225 0.003288 0.177364 414.515585 1031107.372363 439.145942 1031546.518305 4897.354028 414.690230
2.75000000000002664535 0.175248 0.245884 1140.156010 0.008929 0.163306 414.529425 1031107.367549 439.150756 1031546.518305 4897.354028 414.690230
2.74000000000002685852 0.175135 0.244370 1136.010599 0.013185 0.137823 414.554515 1031107.358839 439.159465 1031546.518305 4897.354028 414.690230
2.73000000000002707168 0.174991 0.243152 1131.864895 0.015390 0.104822 414.587009 1031107.347593 439.170711 1031546.518305 4897.354028 414.690230
2.72000000000002728484 0.174836 0.242282 1127.718850 0.015196 0.069406 414.621882 1031107.335565 439.182740 1031546.518305 4897.354028 414.690230
2.71000000000002749800 0.174695 0.241754 1123.572468 0.012628 0.037106 414.653689 1031107.324632 439.193673 1031546.518305 4897.354028 414.690230
2.70000000000002771117 0.174590 0.241512 1119.425804 0.008083 0.013013 414.677415 1031107.316499 439.201805 1031546.518305 4897.354028 414.690230
2.69000000000002792433 0.174537 0.241453 1115.278959 0.002269 0.000954 414.689290 1031107.312436 439.205868 1031546.518305 4897.354028 414.690230
2.68000000000002813749 0.174546 0.241446 1111.132064 -0.003901 0.002856 414.687417 1031107.313077 439.205228 1031546.518305 4897.354028 414.690230
2.67000000000002835066 0.174613 0.241350 1106.985256 -0.009459 0.018415 414.672096 1031107.318321 439.199984 1031546.518305 4897.354028 414.690230
2.66000000000002856382 0.174730 0.241040 1102.838659 -0.013533 0.045147 414.645770 1031107.327350 439.190954 1031546.518305 4897.354028 414.690230
2.65000000000002877698 0.174877 0.240424 1098.692363 -0.015489 0.078815 414.612617 1031107.338757 439.179548 1031546.518305 4897.354028 414.690230
2.64000000000002899014 0.175031 0.239458 1094.546412 -0.015026 0.114124 414.577850 1031107.350759 439.167545 1031546.518305 4897.354028 414.690230
2.63000000000002920331 0.175170 0.238155 1090.400794 -0.012223 0.145575 414.546883 1031107.361486 439.156818 1031546.518305 4897.354028 414.690230
2.62000000000002941647 0.175270 0.236576 1086.255446 -0.007521 0.168316 414.524493 1031107.369264 439.149041 1031546.518305 4897.354028 414.690230
2.61000000000002962963 0.175316 0.234829 1082.110264 -0.001651 0.178866 414.514106 1031107.372878 439.145427 1031546.518305 4897.354028 414.690230
2.60000000000002984279 0.175302 0.233045 1077.965118 0.004475 0.175618 414.517303 1031107.371765 439.146540 1031546.518305 4897.354028 414.690230
2.59000000000003005596 0.175229 0.231361 1073.819874 0.009907 0.159066 414.533600 1031107.366098 439.152207 1031546.518305 4897.354028 414.690230
2.58000000000003026912 0.175109 0.229900 1069.674410 0.013800 0.131737 414.560508 1031107.356762 439.161542 1031546.518305 4897.354028 414.690230
2.57000000000003048228 0.174960 0.228749 1065.528642 0.015547 0.097827 414.593897 1031107.345214 439.173091 1031546.518305 4897.354028 414.690230
2.56000000000003069545 0.174806 0.227948 1061.382528 0.014869 0.062590 414.628594 1031107.333255 439.185050 1031546.518305 4897.354028 414.690230
2.55000000000003090861 0.174670 0.227483 1057.236084 0.011867 0.031540 414.659170 1031107.322751 439.195554 1031546.518305 4897.354028 414.690230
2.54000000000003112177 0.174575 0.227287 1053.089375 0.007005 0.009578 414.680798 1031107.315341 439.202963 1031546.518305 4897.354028 414.690230
2.53000000000003133493 0.174534 0.227249 1048.942509 0.001045 0.000199 414.690034 1031107.312182 439.206123 1031546.518305 4897.354028 414.690230
2.52000000000003154810 0.174554 0.227235 1044.795621 -0.005080 0.004902 414.685403 1031107.313766 439.204539 1031546.518305 4897.354028 414.690230
2.51000000000003176126 0.174633 0.227106 1040.648845 -0.010407 0.022934 414.667645 1031107.319846 439.198459 1031546.518305 4897.354028 414.690230
2.50000000000003197442 0.174757 0.226742 1036.502302 -0.014103 0.051421 414.639592 1031107.329473 439.188832 1031546.518305 4897.354028 414.690230
2.49000000000003218759 0.174908 0.226058 1032.356073 -0.015592 0.085853 414.605687 1031107.341146 439.177159 1031546.518305 4897.354028 414.690230
2.48000000000003240075 0.175061 0.225023 1028.210190 -0.014648 0.120826 414.571251 1031107.353042 439.165262 1031546.518305 4897.354028 414.690230
2.47000000000003261391 0.175193 0.223658 1024.064632 -0.011423 0.150903 414.541637 1031107.363307 439.154998 1031546.518305 4897.354028 414.690230
2.46000000000003282707 0.175283 0.222037 1019.919326 -0.006424 0.171453 414.521404 1031107.370338 439.147967 1031546.518305 4897.354028 414.690230
2.45000000000003304024 0.175318 0.220271 1015.774162 -0.000428 0.179334 414.513645 1031107.373038 439.145267 1031546.518305 4897.354028 414.690230
2.44000000000003325340 0.175292 0.218496 1011.629007 0.005635 0.173345 414.519542 1031107.370986 439.147319 1031546.518305 4897.354028 414.690230
2.43000000000003346656 0.175208 0.216848 1007.483728 0.010823 0.154398 414.538196 1031107.364502 439.153803 1031546.518305 4897.354028 414.690230
2.42000000000003367973 0.175081 0.215442 1003.338210 0.014331 0.125389 414.566758 1031107.354598 439.163707 1031546.518305 4897.354028 414.690230
2.41000000000003389289 0.174929 0.214359 999.192375 0.015607 0.090778 414.600837 1031107.342819 439.175486 1031546.518305 4897.354028 414.690230
2.40000000000003410605 0.174777 0.213627 995.046193 0.014449 0.055940 414.635142 1031107.331003 439.187302 1031546.518305 4897.354028 414.690230
2.39000000000003431921 0.174648 0.213223 990.899689 0.011031 0.026334 414.664297 1031107.320993 439.197311 1031546.518305 4897.354028 414.690230
2.38000000000003453238 0.174562 0.213068 986.752939 0.005884 0.006643 414.683688 1031107.314352 439.203952 1031546.518305 4897.354028 414.690230
2.37000000000003474554 0.174533 0.213046 982.606058 -0.000186 0.000004 414.690226 1031107.312116 439.206189 1031546.518305 4897.354028 414.690230
2.36000000000003495870 0.174566 0.213020 978.459182 -0.006227 0.007477 414.682867 1031107.314633 439.203671 1031546.518305 4897.354028 414.690230
2.35000000000003517187 0.174654 0.212853 974.312444 -0.011291 0.027868 414.662786 1031107.321511 439.196793 1031546.518305 4897.354028 414.690230
2.34000000000003538503 0.174786 0.212430 970.165958 -0.014586 0.057931 414.633182 1031107.331677 439.186628 1031546.518305 4897.354028 414.690230
2.33000000000003559819 0.174939 0.211678 966.019796 -0.015599 0.092912 414.598736 1031107.343544 439.174761 1031546.518305 4897.354028 414.690230
2.32000000000003581135 0.175089 0.210574 961.873981 -0.014179 0.127333 414.564844 1031107.355261 439.163044 1031546.518305 4897.354028 414.690230
2.31000000000003602452 0.175215 0.209151 957.728480 -0.010553 0.155853 414.536763 1031107.364999 439.153305 1031546.518305 4897.354028 414.690230
2.30000000000003623768 0.175295 0.207491 953.583212 -0.005287 0.174087 414.518811 1031107.371240 439.147065 1031546.518305 4897.354028 414.690230
2.29000000000003645084 0.175318 0.205713 949.438061 0.000798 0.179250 414.513727 1031107.373009 439.145295 1031546.518305 4897.354028 414.690230
2.28000000000003666401 0.175279 0.203953 945.292892 0.006760 0.170557 414.522287 1031107.370031 439.148274 1031546.518305 4897.354028 414.690230
2.27000000000003687717 0.175186 0.202344 941.147574 0.011673 0.149331 414.543185 1031107.362770 439.155535 1031546.518305 4897.354028 414.690230
2.26000000000003709033 0.175052 0.200997 937.001997 0.014772 0.118818 414.573228 1031107.352358 439.165946 1031546.518305 4897.354028 414.690230
2.25000000000003730349 0.174898 0.199983 932.856094 0.015571 0.083721 414.607786 1031107.340422 439.177883 1031546.518305 4897.354028 414.690230
2.24000000000003751666 0.174749 0.199320 928.709844 0.013940 0.049497 414.641487 1031107.328822 439.189483 1031546.518305 4897.354028 414.690230
2.23000000000003772982 0.174627 0.198972 924.563285 0.010127 0.021522 414.669035 1031107.319369 439.198935 1031546.518305 4897.354028 414.690230
2.22000000000003794298 0.174552 0.198854 920.416499 0.004727 0.004227 414.686068 1031107.313538 439.204766 1031546.518305 4897.354028 414.690230
2.21000000000003815614 0.174535 0.198843 916.269608 -0.001416 0.000369 414.689867 1031107.312239 439.206066 1031546.518305 4897.354028 414.690230
2.20000000000003836931 0.174579 0.198799 912.122748 -0.007336 0.010565 414.679826 1031107.315674 439.202631 1031546.518305 4897.354028 414.690230
2.19000000000003858247 0.174678 0.198590 907.976052 -0.012105 0.033186 414.657549 1031107.323307 439.194997 1031546.518305 4897.354028 414.690230
2.18000000000003879563 0.174815 0.198106 903.829626 -0.014978 0.064635 414.626580 1031107.333948 439.184357 1031546.518305 4897.354028 414.690230
2.17000000000003900880 0.174969 0.197284 899.683533 -0.015510 0.099949 414.591807 1031107.345936 439.172369 1031546.518305 4897.354028 414.690230
2.16000000000003922196 0.175117 0.196113 895.537785 -0.013623 0.133606 414.558667 1031107.357400 439.160904 1031546.518305 4897.354028 414.690230
2.15000000000003943512 0.175235 0.194635 891.392337 -0.009617 0.160395 414.532292 1031107.366553 439.151752 1031546.518305 4897.354028 414.690230
2.14000000000003964828 0.175304 0.192941 887.247103 -0.004119 0.176202 414.516728 1031107.371965 439.146340 1031546.518305 4897.354028 414.690230
2.13000000000003986145 0.175315 0.191156 883.101959 0.002019 0.178617 414.514351 1031107.372792 439.145512 1031546.518305 4897.354028 414.690230
2.12000000000004007461 0.175265 0.189415 878.956770 0.007843 0.167272 414.525521 1031107.368906 439.149399 1031546.518305 4897.354028 414.690230
2.11000000000004028777 0.175162 0.187851 874.811408 0.012451 0.143894 414.548538 1031107.360912 439.157392 1031546.518305 4897.354028 414.690230
2.10000000000004050094 0.175022 0.186566 870.665771 0.015123 0.112066 414.579877 1031107.350059 439.168246 1031546.518305 4897.354028 414.690230
2.09000000000004071410 0.174868 0.185621 866.519799 0.015439 0.076698 414.614702 1031107.338038 439.180266 1031546.518305 4897.354028 414.690230
2.08000000000004092726 0.174722 0.185025 862.373484 0.013344 0.043303 414.647587 1031107.326727 439.191578 1031546.518305 4897.354028 414.690230
2.07000000000004114042 0.174608 0.184731 858.226871 0.009160 0.017134 414.673356 1031107.317889 439.200416 1031546.518305 4897.354028 414.690230
2.06000000000004135359 0.174543 0.184644 854.080054 0.003539 0.002344 414.687922 1031107.312904 439.205400 1031546.518305 4897.354028 414.690230
2.05000000000004156675 0.174539 0.184638 849.933158 -0.002637 0.001292 414.688958 1031107.312550 439.205755 1031546.518305 4897.354028 414.690230
2.04000000000004177991 0.174595 0.184572 845.786321 -0.008399 0.014146 414.676299 1031107.316881 439.201423 1031546.518305 4897.354028 414.690230
2.03000000000004199308 0.174702 0.184315 841.639671 -0.012843 0.038855 414.651967 1031107.325223 439.193082 1031546.518305 4897.354028 414.690230
2.02000000000004220624 0.174845 0.183768 837.493308 -0.015277 0.071493 414.619827 1031107.336273 439.182032 1031546.518305 4897.354028 414.690230
2.01000000000004241940 0.175000 0.182876 833.347284 -0.015324 0.106920 414.584943 1031107.348307 439.169998 1031546.518305 4897.354028 414.690230
2.00000000000004263256 0.175143 0.181639 829.201600 -0.012982 0.139606 414.552759 1031107.359448 439.158857 1031546.518305 4897.354028 414.690230
1.99000000000004262368 0.175253 0.180110 825.056203 -0.008623 0.164500 414.528249 1031107.367957 439.150347 1031546.518305 4897.354028 414.690230
1.98000000000004261480 0.175311 0.178388 820.910997 -0.002924 0.177786 414.515169 1031107.372507 439.145797 1031546.518305 4897.354028 414.690230
1.97000000000004260592 0.175310 0.176600 816.765855 0.003227 0.177438 414.515512 1031107.372388 439.145917 1031546.518305 4897.354028 414.690230
1.96000000000004259704 0.175248 0.174885 812.620642 0.008878 0.163508 414.529226 1031107.367618 439.150687 1031546.518305 4897.354028 414.690230
1.95000000000004258816 0.175137 0.173368 808.475232 0.013152 0.138122 414.554221 1031107.358941 439.159363 1031546.518305 4897.354028 414.690230
1.94000000000004257927 0.174992 0.172147 804.329532 0.015380 0.105172 414.586664 1031107.347712 439.170592 1031546.518305 4897.354028 414.690230
1.93000000000004257039 0.174837 0.171273 800.183491 0.015210 0.069753 414.621540 1031107.335683 439.182622 1031546.518305 4897.354028 414.690230
1.92000000000004256151 0.174696 0.170742 796.037112 0.012665 0.037395 414.653404 1031107.324730 439.193575 1031546.518305 4897.354028 414.690230
1.91000000000004255263 0.174591 0.170498 791.890450 0.008136 0.013198 414.677232 1031107.316562 439.201743 1031546.518305 4897.354028 414.690230
1.90000000000004254375 0.174538 0.170438 787.743607 0.002330 0.001007 414.689239 1031107.312454 439.205851 1031546.518305 4897.354028 414.690230
1.89000000000004253486 0.174545 0.170431 783.596711 -0.003841 0.002767 414.687505 1031107.313047 439.205258 1031546.518305 4897.354028 414.690230
1.88000000000004252598 0.174612 0.170337 779.449902 -0.009409 0.018198 414.672309 1031107.318248 439.200057 1031546.518305 4897.354028 414.690230
1.87000000000004251710 0.174728 0.170029 775.303302 -0.013502 0.044838 414.646075 1031107.327246 439.191059 1031546.518305 4897.354028 414.690230
1.86000000000004250822 0.174875 0.169417 771.157003 -0.015481 0.078462 414.612965 1031107.338637 439.179668 1031546.518305 4897.354028 414.690230
1.85000000000004249934 0.175030 0.168455 767.011048 -0.015043 0.113782 414.578187 1031107.350643 439.167662 1031546.518305 4897.354028 414.690230
1.84000000000004249046 0.175168 0.167154 762.865427 -0.012262 0.145297 414.547156 1031107.361391 439.156913 1031546.518305 4897.354028 414.690230
1.83000000000004248157 0.175269 0.165578 758.720077 -0.007575 0.168145 414.524661 1031107.369205 439.149100 1031546.518305 4897.354028 414.690230
1.82000000000004247269 0.175316 0.163832 754.574893 -0.001712 0.178829 414.514143 1031107.372865 439.145440 1031546.518305 4897.354028 414.690230
1.81000000000004246381 0.175302 0.162047 750.429748 0.004416 0.175719 414.517204 1031107.371799 439.146506 1031546.518305 4897.354028 414.690230
1.80000000000004245493 0.175230 0.160362 746.284505 0.009859 0.159291 414.533379 1031107.366175 439.152130 1031546.518305 4897.354028 414.690230
1.79000000000004244605 0.175110 0.158898 742.139045 0.013771 0.132050 414.560200 1031107.356869 439.161435 1031546.518305 4897.354028 414.690230
1.78000000000004243716 0.174962 0.157743 737.993280 0.015541 0.098181 414.593548 1031107.345334 439.172970 1031546.518305 4897.354028 414.690230
1.77000000000004242828 0.174807 0.156939 733.847169 0.014888 0.062930 414.628259 1031107.333370 439.184935 1031546.518305 4897.354028 414.690230
1.76000000000004241940 0.174672 0.156471 729.700728 0.011907 0.031811 414.658903 1031107.322843 439.195462 1031546.518305 4897.354028 414.690230
1.75000000000004241052 0.174576 0.156272 725.554021 0.007061 0.009739 414.680639 1031107.315396 439.202909 1031546.518305 4897.354028 414.690230
1.74000000000004240164 0.174534 0.156234 721.407157 0.001107 0.000224 414.690010 1031107.312190 439.206114 1031546.518305 4897.354028 414.690230
1.73000000000004239276 0.174554 0.156220 717.260267 -0.005021 0.004786 414.685517 1031107.313727 439.204578 1031546.518305 4897.354028 414.690230
1.72000000000004238387 0.174632 0.156093 713.113490 -0.010361 0.022696 414.667880 1031107.319765 439.198539 1031546.518305 4897.354028 414.690230
1.71000000000004237499 0.174756 0.155731 708.966944 -0.014077 0.051099 414.639910 1031107.329364 439.188941 1031546.518305 4897.354028 414.690230
1.70000000000004236611 0.174906 0.155051 704.820712 -0.015590 0.085498 414.606037 1031107.341025 439.177280 1031546.518305 4897.354028 414.690230
1.69000000000004235723 0.175059 0.154019 700.674826 -0.014669 0.120493 414.571579 1031107.352929 439.165376 1031546.518305 4897.354028 414.690230
1.68000000000004234835 0.175192 0.152658 696.529264 -0.011465 0.150644 414.541892 1031107.363218 439.155086 1031546.518305 4897.354028 414.690230
1.67000000000004233947 0.175283 0.151038 692.383957 -0.006480 0.171307 414.521548 1031107.370288 439.148017 1031546.518305 4897.354028 414.690230
1.66000000000004233058 0.175318 0.149274 688.238792 -0.000489 0.179323 414.513655 1031107.373034 439.145270 1031546.518305 4897.354028 414.690230
1.65000000000004232170 0.175292 0.147498 684.093638 0.005577 0.173472 414.519417 1031107.371029 439.147275 1031546.518305 4897.354028 414.690230
1.64000000000004231282 0.175209 0.145848 679.948361 0.010779 0.154643 414.537954 1031107.364586 439.153719 1031546.518305 4897.354028 414.690230
1.63000000000004230394 0.175082 0.144439 675.802845 0.014306 0.125714 414.566438 1031107.354709 439.163596 1031546.518305 4897.354028 414.690230
1.62000000000004229506 0.174931 0.143353 671.657013 0.015607 0.091134 414.600487 1031107.342939 439.175365 1031546.518305 4897.354028 414.690230
1.61000000000004228617 0.174778 0.142618 667.510835 0.014473 0.056270 414.634817 1031107.331114 439.187190 1031546.518305 4897.354028 414.690230
1.60000000000004227729 0.174649 0.142210 663.364334 0.011075 0.026587 414.664048 1031107.321079 439.197226 1031546.518305 4897.354028 414.690230
1.59000000000004226841 0.174563 0.142053 659.217586 0.005942 0.006779 414.683554 1031107.314398 439.203907 1031546.518305 4897.354028 414.690230
1.58000000000004225953 0.174533 0.142031 655.070706 -0.000124 0.000000 414.690230 1031107.312115 439.206190 1031546.518305 4897.354028 414.690230
1.57000000000004225065 0.174565 0.142006 650.923828 -0.006171 0.007334 414.683007 1031107.314585 439.203719 1031546.518305 4897.354028 414.690230
1.56000000000004224177 0.174653 0.141841 646.777088 -0.011248 0.027610 414.663041 1031107.321424 439.196881 1031546.518305 4897.354028 414.690230
1.55000000000004223288 0.174784 0.141421 642.630599 -0.014564 0.057598 414.633510 1031107.331564 439.186741 1031546.518305 4897.354028 414.690230
1.54000000000004222400 0.174937 0.140672 638.484435 -0.015601 0.092557 414.599086 1031107.343423 439.174882 1031546.518305 4897.354028 414.690230
1.53000000000004221512 0.175088 0.139571 634.338616 -0.014205 0.127011 414.565161 1031107.355151 439.163154 1031546.518305 4897.354028 414.690230
1.52000000000004220624 0.175214 0.138151 630.193112 -0.010598 0.155614 414.536999 1031107.364917 439.153387 1031546.518305 4897.354028 414.690230
1.51000000000004219736 0.175294 0.136493 626.047842 -0.005346 0.173967 414.518929 1031107.371199 439.147106 1031546.518305 4897.354028 414.690230
1.50000000000004218847 0.175318 0.134716 621.902690 0.000736 0.179268 414.513710 1031107.373015 439.145289 1031546.518305 4897.354028 414.690230
1.49000000000004217959 0.175280 0.132954 617.757522 0.006704 0.170710 414.522136 1031107.370083 439.148222 1031546.518305 4897.354028 414.690230
1.48000000000004217071 0.175187 0.131344 613.612206 0.011632 0.149595 414.542925 1031107.362860 439.155445 1031546.518305 4897.354028 414.690230
1.47000000000004216183 0.175054 0.129994 609.466633 0.014752 0.119154 414.572897 1031107.352473 439.165832 1031546.518305 4897.354028 414.690230
1.46000000000004215295 0.174900 0.128976 605.320733 0.015576 0.084076 414.607437 1031107.340542 439.177762 1031546.518305 4897.354028 414.690230
1.45000000000004214407 0.174750 0.128310 601.174487 0.013968 0.049816 414.641173 1031107.328930 439.189375 1031546.518305 4897.354028 414.690230
1.44000000000004213518 0.174628 0.127959 597.027930 0.010174 0.021754 414.668807 1031107.319448 439.198857 1031546.518305 4897.354028 414.690230
1.43000000000004212630 0.174552 0.127839 592.881146 0.004786 0.004336 414.685960 1031107.313575 439.204730 1031546.518305 4897.354028 414.690230
1.42000000000004211742 0.174535 0.127827 588.734255 -0.001354 0.000337 414.689898 1031107.312228 439.206076 1031546.518305 4897.354028 414.690230
1.41000000000004210854 0.174578 0.127785 584.587394 -0.007281 0.010397 414.679991 1031107.315617 439.202687 1031546.518305 4897.354028 414.690230
1.40000000000004209966 0.174676 0.127578 580.440696 -0.012066 0.032909 414.657822 1031107.323214 439.195091 1031546.518305 4897.354028 414.690230
1.39000000000004209078 0.174813 0.127097 576.294267 -0.014960 0.064294 414.626917 1031107.333832 439.184472 1031546.518305 4897.354028 414.690230
1.38000000000004208189 0.174968 0.126279 572.148171 -0.015516 0.099596 414.592155 1031107.345816 439.172489 1031546.518305 4897.354028 414.690230
1.37000000000004207301 0.175116 0.125110 568.002419 -0.013653 0.133297 414.558972 1031107.357295 439.161010 1031546.518305 4897.354028 414.690230
1.36000000000004206413 0.175234 0.123636 563.856969 -0.009666 0.160176 414.532507 1031107.366478 439.151827 1031546.518305 4897.354028 414.690230
1.35000000000004205525 0.175304 0.121944 559.711733 -0.004178 0.176109 414.516821 1031107.371933 439.146372 1031546.518305 4897.354028 414.690230
1.34000000000004204637 0.175315 0.120158 555.566588 0.001958 0.178662 414.514306 1031107.372808 439.145497 1031546.518305 4897.354028 414.690230
1.33000000000004203748 0.175266 0.118417 551.421401 0.007790 0.167449 414.525347 1031107.368967 439.149338 1031546.518305 4897.354028 414.690230
1.32000000000004202860 0.175163 0.116850 547.276042 0.012413 0.144177 414.548260 1031107.361009 439.157296 1031546.518305 4897.354028 414.690230
1.31000000000004201972 0.175024 0.115561 543.130408 0.015107 0.112409 414.579538 1031107.350176 439.168129 1031546.518305 4897.354028 414.690230
1.30000000000004201084 0.174869 0.114613 538.984439 0.015448 0.077050 414.614355 1031107.338158 439.180147 1031546.518305 4897.354028 414.690230
1.29000000000004200196 0.174723 0.114014 534.838127 0.013376 0.043608 414.647286 1031107.326830 439.191475 1031546.518305 4897.354028 414.690230
1.28000000000004199308 0.174609 0.113717 530.691517 0.009210 0.017345 414.673149 1031107.317960 439.200345 1031546.518305 4897.354028 414.690230
1.27000000000004198419 0.174544 0.113629 526.544702 0.003600 0.002426 414.687841 1031107.312932 439.205373 1031546.518305 4897.354028 414.690230
1.26000000000004197531 0.174539 0.113623 522.397806 -0.002575 0.001232 414.689017 1031107.312530 439.205775 1031546.518305 4897.354028 414.690230
1.25000000000004196643 0.174594 0.113558 518.250967 -0.008346 0.013954 414.676488 1031107.316817 439.201488 1031546.518305 4897.354028 414.690230
1.24000000000004195755 0.174701 0.113304 514.104315 -0.012808 0.038561 414.652256 1031107.325124 439.193181 1031546.518305 4897.354028 414.690230
1.23000000000004194867 0.174843 0.112760 509.957948 -0.015264 0.071145 414.620170 1031107.336155 439.182150 1031546.518305 4897.354028 414.690230
1.22000000000004193978 0.174998 0.111871 505.811921 -0.015335 0.106571 414.585287 1031107.348188 439.170116 1031546.518305 4897.354028 414.690230
1.21000000000004193090 0.175142 0.110637 501.666234 -0.013017 0.139311 414.553050 1031107.359347 439.158957 1031546.518305 4897.354028 414.690230
1.20000000000004192202 0.175252 0.109111 497.520834 -0.008674 0.164305 414.528442 1031107.367890 439.150414 1031546.518305 4897.354028 414.690230
1.19000000000004191314 0.175311 0.107390 493.375627 -0.002985 0.177719 414.515235 1031107.372484 439.145820 1031546.518305 4897.354028 414.690230
1.18000000000004190426 0.175310 0.105602 489.230485 0.003167 0.177510 414.515441 1031107.372413 439.145892 1031546.518305 4897.354028 414.690230
1.17000000000004189538 0.175249 0.103886 485.085273 0.008828 0.163709 414.529028 1031107.367687 439.150618 1031546.518305 4897.354028 414.690230
1.16000000000004188649 0.175138 0.102367 480.939866 0.013118 0.138421 414.553927 1031107.359043 439.159261 1031546.518305 4897.354028 414.690230
1.15000000000004187761 0.174994 0.101143 476.794169 0.015369 0.105522 414.586320 1031107.347831 439.170473 1031546.518305 4897.354028 414.690230
1.14000000000004186873 0.174839 0.100265 472.648132 0.015224 0.070100 414.621198 1031107.335800 439.182504 1031546.518305 4897.354028 414.690230
1.13000000000004185985 0.174697 0.099731 468.501755 0.012701 0.037685 414.653119 1031107.324828 439.193477 1031546.518305 4897.354028 414.690230
1.12000000000004185097 0.174591 0.099484 464.355096 0.008189 0.013385 414.677048 1031107.316625 439.201680 1031546.518305 4897.354028 414.690230
1.11000000000004184209 0.174538 0.099423 460.208254 0.002392 0.001061 414.689185 1031107.312472 439.205833 1031546.518305 4897.354028 414.690230
1.10000000000004183320 0.174545 0.099416 456.061358 -0.003781 0.002680 414.687591 1031107.313017 439.205287 1031546.518305 4897.354028 414.690230
1.09000000000004182432 0.174611 0.099323 451.914547 -0.009360 0.017983 414.672520 1031107.318175 439.200129 1031546.518305 4897.354028 414.690230
1.08000000000004181544 0.174727 0.099019 447.767945 -0.013471 0.044530 414.646378 1031107.327142 439.191163 1031546.518305 4897.354028 414.690230
1.07000000000004180656 0.174874 0.098409 443.621643 -0.015473 0.078109 414.613312 1031107.338517 439.179788 1031546.518305 4897.354028 414.690230
1.06000000000004179768 0.175028 0.097450 439.475684 -0.015060 0.113440 414.578524 1031107.350526 439.167778 1031546.518305 4897.354028 414.690230
1.05000000000004178879 0.175167 0.096153 435.330060 -0.012300 0.145019 414.547431 1031107.361296 439.157008 1031546.518305 4897.354028 414.690230
1.04000000000004177991 0.175268 0.094579 431.184707 -0.007629 0.167973 414.524830 1031107.369146 439.149158 1031546.518305 4897.354028 414.690230
1.03000000000004177103 0.175316 0.092834 427.039523 -0.001774 0.178789 414.514181 1031107.372851 439.145453 1031546.518305 4897.354028 414.690230
1.02000000000004176215 0.175303 0.091049 422.894378 0.004357 0.175819 414.517106 1031107.371833 439.146471 1031546.518305 4897.354028 414.690230
1.01000000000004175327 0.175231 0.089362 418.749137 0.009811 0.159514 414.533159 1031107.366251 439.152054 1031546.518305 4897.354028 414.690230
1.00000000000004174439 0.175111 0.087895 414.603679 0.013742 0.132362 414.559892 1031107.356976 439.161329 1031546.518305 4897.354028 414.690230
0.99000000000004173550 0.174963 0.086738 410.457917 0.015535 0.098535 414.593200 1031107.345455 439.172850 1031546.518305 4897.354028 414.690230
0.98000000000004172662 0.174809 0.085930 406.311811 0.014906 0.063270 414.627925 1031107.333485 439.184819 1031546.518305 4897.354028 414.690230
0.97000000000004171774 0.174673 0.085458 402.165372 0.011947 0.032084 414.658634 1031107.322935 439.195370 1031546.518305 4897.354028 414.690230
0.96000000000004170886 0.174576 0.085258 398.018668 0.007116 0.009902 414.680479 1031107.315450 439.202854 1031546.518305 4897.354028 414.690230
0.95000000000004169998 0.174534 0.085218 393.871804 0.001168 0.000250 414.689984 1031107.312199 439.206106 1031546.518305 4897.354028 414.690230
0.94000000000004169110 0.174553 0.085206 389.724914 -0.004963 0.004671 414.685630 1031107.313688 439.204617 1031546.518305 4897.354028 414.690230
0.93000000000004168221 0.174631 0.085080 385.578136 -0.010315 0.022459 414.668113 1031107.319685 439.198619 1031546.518305 4897.354028 414.690230
0.92000000000004167333 0.174754 0.084721 381.431587 -0.014050 0.050777 414.640226 1031107.329255 439.189049 1031546.518305 4897.354028 414.690230
0.91000000000004166445 0.174905 0.084044 377.285351 -0.015586 0.085142 414.606387 1031107.340904 439.177400 1031546.518305 4897.354028 414.690230
0.90000000000004165557 0.175058 0.083016 373.139461 -0.014691 0.120159 414.571908 1031107.352815 439.165489 1031546.518305 4897.354028 414.690230
0.89000000000004164669 0.175191 0.081657 368.993897 -0.011507 0.150383 414.542149 1031107.363129 439.155175 1031546.518305 4897.354028 414.690230
0.88000000000004163780 0.175282 0.080040 364.848587 -0.006536 0.171160 414.521693 1031107.370237 439.148067 1031546.518305 4897.354028 414.690230
0.87000000000004162892 0.175318 0.078276 360.703421 -0.000551 0.179312 414.513667 1031107.373030 439.145274 1031546.518305 4897.354028 414.690230
0.86000000000004162004 0.175293 0.076500 356.558268 0.005519 0.173598 414.519293 1031107.371072 439.147232 1031546.518305 4897.354028 414.690230
0.85000000000004161116 0.175210 0.074848 352.412993 0.010734 0.154887 414.537714 1031107.364669 439.153636 1031546.518305 4897.354028 414.690230
0.84000000000004160228 0.175084 0.073437 348.267480 0.014281 0.126039 414.566118 1031107.354819 439.163485 1031546.518305 4897.354028 414.690230
0.83000000000004159340 0.174932 0.072346 344.121652 0.015606 0.091490 414.600137 1031107.343060 439.175244 1031546.518305 4897.354028 414.690230
0.82000000000004158451 0.174780 0.071608 339.975476 0.014496 0.056601 414.634491 1031107.331226 439.187078 1031546.518305 4897.354028 414.690230
0.81000000000004157563 0.174650 0.071197 335.828979 0.011119 0.026841 414.663798 1031107.321164 439.197140 1031546.518305 4897.354028 414.690230
0.80000000000004156675 0.174563 0.071038 331.682233 0.005999 0.006915 414.683420 1031107.314444 439.203861 1031546.518305 4897.354028 414.690230
0.79000000000004155787 0.174533 0.071015 327.535353 -0.000062 -0.000002 414.690232 1031107.312114 439.206191 1031546.518305 4897.354028 414.690230
0.78000000000004154899 0.174564 0.070991 323.388475 -0.006114 0.007193 414.683146 1031107.314538 439.203767 1031546.518305 4897.354028 414.690230
0.77000000000004154010 0.174652 0.070828 319.241733 -0.011205 0.027352 414.663294 1031107.321337 439.196967 1031546.518305 4897.354028 414.690230
0.76000000000004153122 0.174783 0.070411 315.095241 -0.014541 0.057265 414.633838 1031107.331451 439.186853 1031546.518305 4897.354028 414.690230
0.75000000000004152234 0.174935 0.069666 310.949073 -0.015603 0.092202 414.599436 1031107.343302 439.175002 1031546.518305 4897.354028 414.690230
0.74000000000004151346 0.175087 0.068569 306.803251 -0.014231 0.126688 414.565479 1031107.355041 439.163264 1031546.518305 4897.354028 414.690230
0.73000000000004150458 0.175213 0.067151 302.657744 -0.010644 0.155373 414.537236 1031107.364835 439.153470 1031546.518305 4897.354028 414.690230
0.72000000000004149570 0.175294 0.065495 298.512473 -0.005404 0.173846 414.519049 1031107.371157 439.147147 1031546.518305 4897.354028 414.690230
0.71000000000004148681 0.175318 0.063718 294.367320 0.000675 0.179284 414.513694 1031107.373021 439.145284 1031546.518305 4897.354028 414.690230
0.70000000000004147793 0.175281 0.061956 290.222153 0.006648 0.170861 414.521987 1031107.370135 439.148170 1031546.518305 4897.354028 414.690230
0.69000000000004146905 0.175188 0.060343 286.076839 0.011591 0.149859 414.542665 1031107.362950 439.155355 1031546.518305 4897.354028 414.690230
0.68000000000004146017 0.175055 0.058990 281.931269 0.014732 0.119489 414.572567 1031107.352587 439.165718 1031546.518305 4897.354028 414.690230
0.67000000000004145129 0.174901 0.057969 277.785372 0.015579 0.084431 414.607087 1031107.340663 439.177642 1031546.518305 4897.354028 414.690230
0.66000000000004144241 0.174752 0.057299 273.639129 0.013995 0.050136 414.640858 1031107.329038 439.189267 1031546.518305 4897.354028 414.690230
0.65000000000004143352 0.174629 0.056946 269.492575 0.010221 0.021988 414.668577 1031107.319526 439.198778 1031546.518305 4897.354028 414.690230
0.64000000000004142464 0.174552 0.056824 265.345793 0.004845 0.004446 414.685852 1031107.313612 439.204693 1031546.518305 4897.354028 414.690230
0.63000000000004141576 0.174534 0.056812 261.198902 -0.001292 0.000306 414.689929 1031107.312218 439.206087 1031546.518305 4897.354028 414.690230
0.62000000000004140688 0.174578 0.056771 257.052041 -0.007226 0.010231 414.680155 1031107.315561 439.202743 1031546.518305 4897.354028 414.690230
0.61000000000004139800 0.174675 0.056565 252.905341 -0.012026 0.032633 414.658093 1031107.323121 439.195184 1031546.518305 4897.354028 414.690230
0.60000000000004138911 0.174812 0.056088 248.758908 -0.014943 0.063952 414.627253 1031107.333716 439.184588 1031546.518305 4897.354028 414.690230
0.59000000000004138023 0.174966 0.055273 244.612809 -0.015523 0.099243 414.592503 1031107.345696 439.172609 1031546.518305 4897.354028 414.690230
0.58000000000004137135 0.175114 0.054108 240.467053 -0.013683 0.132986 414.559278 1031107.357189 439.161116 1031546.518305 4897.354028 414.690230
0.57000000000004136247 0.175233 0.052636 236.321601 -0.009714 0.159957 414.532723 1031107.366403 439.151902 1031546.518305 4897.354028 414.690230
0.56000000000004135359 0.175303 0.050946 232.176363 -0.004238 0.176014 414.516914 1031107.371900 439.146405 1031546.518305 4897.354028 414.690230
0.55000000000004134471 0.175315 0.049161 228.031218 0.001896 0.178706 414.514263 1031107.372823 439.145482 1031546.518305 4897.354028 414.690230
0.54000000000004133582 0.175267 0.047418 223.886032 0.007736 0.167625 414.525173 1031107.369027 439.149278 1031546.518305 4897.354028 414.690230
0.53000000000004132694 0.175165 0.045849 219.740675 0.012376 0.144458 414.547983 1031107.361105 439.157200 1031546.518305 4897.354028 414.690230
0.52000000000004131806 0.175025 0.044557 215.595044 0.015092 0.112753 414.579200 1031107.350293 439.168012 1031546.518305 4897.354028 414.690230
0.51000000000004130918 0.174871 0.043606 211.449079 0.015457 0.077403 414.614008 1031107.338277 439.180027 1031546.518305 4897.354028 414.690230
0.50000000000004130030 0.174724 0.043003 207.302770 0.013408 0.043914 414.646984 1031107.326933 439.191371 1031546.518305 4897.354028 414.690230
0.49000000000004129141 0.174610 0.042704 203.156163 0.009260 0.017556 414.672941 1031107.318031 439.200273 1031546.518305 4897.354028 414.690230
0.48000000000004128253 0.174544 0.042614 199.009349 0.003660 0.002509 414.687759 1031107.312960 439.205345 1031546.518305 4897.354028 414.690230
0.47000000000004127365 0.174538 0.042607 194.862453 -0.002514 0.001173 414.689075 1031107.312510 439.205795 1031546.518305 4897.354028 414.690230
0.46000000000004126477 0.174593 0.042544 190.715613 -0.008294 0.013763 414.676676 1031107.316752 439.201552 1031546.518305 4897.354028 414.690230
0.45000000000004125589 0.174700 0.042292 186.568959 -0.012773 0.038268 414.652544 1031107.325025 439.193280 1031546.518305 4897.354028 414.690230
0.44000000000004124701 0.174842 0.041752 182.422589 -0.015251 0.070797 414.620513 1031107.336037 439.182268 1031546.518305 4897.354028 414.690230
0.43000000000004123812 0.174997 0.040867 178.276558 -0.015347 0.106222 414.585630 1031107.348070 439.170235 1031546.518305 4897.354028 414.690230
0.42000000000004122924 0.175141 0.039636 174.130867 -0.013051 0.139016 414.553341 1031107.359246 439.159058 1031546.518305 4897.354028 414.690230
0.41000000000004122036 0.175251 0.038112 169.985466 -0.008725 0.164108 414.528636 1031107.367823 439.150482 1031546.518305 4897.354028 414.690230
0.40000000000004121148 0.175311 0.036393 165.840257 -0.003046 0.177651 414.515302 1031107.372461 439.145843 1031546.518305 4897.354028 414.690230
0.39000000000004120260 0.175310 0.034605 161.695115 0.003106 0.177582 414.515370 1031107.372437 439.145867 1031546.518305 4897.354028 414.690230
0.38000000000004119372 0.175250 0.032886 157.549904 0.008777 0.163909 414.528832 1031107.367755 439.150550 1031546.518305 4897.354028 414.690230
0.37000000000004118483 0.175139 0.031365 153.404500 0.013085 0.138718 414.553634 1031107.359145 439.159160 1031546.518305 4897.354028 414.690230
0.36000000000004117595 0.174995 0.030138 149.258806 0.015358 0.105872 414.585975 1031107.347950 439.170354 1031546.518305 4897.354028 414.690230
0.35000000000004116707 0.174840 0.029256 145.112772 0.015238 0.070448 414.620856 1031107.335918 439.182386 1031546.518305 4897.354028 414.690230
0.34000000000004115819 0.174698 0.028719 140.966399 0.012737 0.037976 414.652832 1031107.324926 439.193379 1031546.518305 4897.354028 414.690230
0.33000000000004114931 0.174592 0.028470 136.819742 0.008241 0.013573 414.676863 1031107.316688 439.201616 1031546.518305 4897.354028 414.690230
0.32000000000004114042 0.174538 0.028407 132.672901 0.002453 0.001116 414.689131 1031107.312491 439.205814 1031546.518305 4897.354028 414.690230
0.31000000000004113154 0.174544 0.028401 128.526005 -0.003721 0.002594 414.687676 1031107.312988 439.205316 1031546.518305 4897.354028 414.690230
0.30000000000004112266 0.174610 0.028310 124.379193 -0.009310 0.017769 414.672731 1031107.318103 439.200201 1031546.518305 4897.354028 414.690230
0.29000000000004111378 0.174726 0.028008 120.232588 -0.013439 0.044222 414.646681 1031107.327037 439.191267 1031546.518305 4897.354028 414.690230
0.28000000000004110490 0.174872 0.027401 116.086283 -0.015465 0.077756 414.613660 1031107.338397 439.179907 1031546.518305 4897.354028 414.690230
0.27000000000004109602 0.175027 0.026446 111.940321 -0.015076 0.113097 414.578861 1031107.350410 439.167895 1031546.518305 4897.354028 414.690230
0.26000000000004108713 0.175166 0.025152 107.794693 -0.012338 0.144739 414.547706 1031107.361201 439.157104 1031546.518305 4897.354028 414.690230
0.25000000000004107825 0.175267 0.023580 103.649338 -0.007682 0.167800 414.525001 1031107.369087 439.149218 1031546.518305 4897.354028 414.690230
0.24000000000004106937 0.175315 0.021837 99.504153 -0.001835 0.178749 414.514221 1031107.372837 439.145467 1031546.518305 4897.354028 414.690230
0.23000000000004106049 0.175303 0.020052 95.359008 0.004297 0.175917 414.517009 1031107.371867 439.146438 1031546.518305 4897.354028 414.690230
0.22000000000004105161 0.175232 0.018363 91.213769 0.009763 0.159736 414.532941 1031107.366327 439.151978 1031546.518305 4897.354028 414.690230
0.21000000000004104272 0.175113 0.016893 87.068314 0.013713 0.132674 414.559585 1031107.357082 439.161222 1031546.518305 4897.354028 414.690230
0.20000000000004103384 0.174965 0.015732 82.922555 0.015529 0.098888 414.592852 1031107.345575 439.172730 1031546.518305 4897.354028 414.690230
0.19000000000004102496 0.174810 0.014921 78.776452 0.014925 0.063610 414.627589 1031107.333601 439.184704 1031546.518305 4897.354028 414.690230
0.18000000000004101608 0.174674 0.014446 74.630016 0.011987 0.032358 414.658365 1031107.323028 439.195277 1031546.518305 4897.354028 414.690230
0.17000000000004100720 0.174577 0.014243 70.483314 0.007171 0.010065 414.680318 1031107.315505 439.202799 1031546.518305 4897.354028 414.690230
0.16000000000004099832 0.174534 0.014203 66.336451 0.001230 0.000277 414.689957 1031107.312208 439.206097 1031546.518305 4897.354028 414.690230
0.15000000000004098943 0.174553 0.014191 62.189561 -0.004904 0.004558 414.685742 1031107.313650 439.204655 1031546.518305 4897.354028 414.690230
0.14000000000004098055 0.174630 0.014067 58.042781 -0.010268 0.022223 414.668345 1031107.319606 439.198699 1031546.518305 4897.354028 414.690230
0.13000000000004097167 0.174753 0.013711 53.896229 -0.014023 0.050457 414.640542 1031107.329147 439.189158 1031546.518305 4897.354028 414.690230
0.12000000000004097667 0.174903 0.013038 49.749990 -0.015583 0.084787 414.606737 1031107.340784 439.177521 1031546.518305 4897.354028 414.690230
0.11000000000004098166 0.175056 0.012013 45.604097 -0.014711 0.119825 414.572237 1031107.352701 439.165603 1031546.518305 4897.354028 414.690230
0.10000000000004098666 0.175190 0.010657 41.458530 -0.011549 0.150122 414.542406 1031107.363040 439.155265 1031546.518305 4897.354028 414.690230
0.09000000000004099165 0.175281 0.009042 37.313218 -0.006592 0.171011 414.521839 1031107.370186 439.148118 1031546.518305 4897.354028 414.690230
0.08000000000004099665 0.175318 0.007279 33.168051 -0.000613 0.179299 414.513680 1031107.373026 439.145279 1031546.518305 4897.354028 414.690230
0.07000000000004100165 0.175293 0.005502 29.022898 0.005462 0.173722 414.519170 1031107.371115 439.147190 1031546.518305 4897.354028 414.690230
0.06000000000004099970 0.175212 0.003848 24.877625 0.010689 0.155131 414.537475 1031107.364752 439.153553 1031546.518305 4897.354028 414.690230
0.05000000000004099776 0.175085 0.002434 20.732115 0.014256 0.126363 414.565799 1031107.354930 439.163375 1031546.518305 4897.354028 414.690230
0.04000000000004099582 0.174934 0.001340 16.586290 0.015605 0.091845 414.599787 1031107.343181 439.175124 1031546.518305 4897.354028 414.690230
0.03000000000004099387 0.174781 0.000598 12.440118 0.014519 0.056932 414.634165 1031107.331339 439.186966 1031546.518305 4897.354028 414.690230
0.02000000000004099193 0.174651 0.000184 8.293623 0.011162 0.027096 414.663547 1031107.321250 439.197054 1031546.518305 4897.354028 414.690230
0.01000000000004099172 0.174564 0.000023 4.146880 0.006056 0.007053 414.683284 1031107.314491 439.203814 1031546.518305 4897.354028 414.690230
0.00000000000004099152 0.174533 -0.000000 0.000001 -0.000000 -0.000003 414.690233 1031107.312114 439.206191 1031546.518305 4897.354028 414.690230
